30000
10000
38101
12345678900000000
1
2
100
1000000000
800
3
10
10
10
30
20
10
30
70
40
90
10
110
60
400
100
100
100
300
900
100000000
100000000
300000000
700000000
199999900000000
99999999900000000
617283900000000
100000000
100000000
500000000
2500000000
17500000000
104857600000000
9830400000000
400000000
300000000
371187100000000
1111100000000
11111111100000000
7484400000000
6553600010000000
65536000100000000
1000000000
1000000000
1000000000
100000000
100000000
100000000
1000000900000000
200000100000000
500000100000000
99999999700000000
9999999970000000
19999999900000000
12300000000
600
10000
12345678700000000
100000000
70
1010
100
4999999090
10
1230
80
10
1000000000
1913000000
300000000
100
10000000
100000000
4181000000
9999999990
9999999900000000
99999999900000000
100000
1000
262000000
1234567890
100000000
99999993700000000
10
10000000
99999900
1000
