375 4
10000 1
38101 0
123456789 8
1 0
2 0
100 0
1000000000 0
160 2
3 0
10 0
1 1
2 1
3 1
4 1
5 1
6 1
7 1
8 1
9 1
10 1
11 1
12 1
16 2
2 2
1 2
5 2
15 2
36 2
1 8
8 8
96 8
175 8
9999995 8
999999999 8
12345678 8
78125 8
390625 8
1953125 8
9765625 8
68359375 8
268435456 8
125829120 8
128000 8
300000 8
3711871 8
55555 8
222222222 8
479001600 8
655360001 7
655360001 8
1000000000 1
1000000000 7
1000000000 8
100000000 8
10000000 8
1000000 8
10000009 8
10000005 8
10000002 8
999999997 8
999999997 7
999999995 8
123 8
24 2
16 4
123456787 8
100000000 8
7 1
101 1
50 2
999999818 1
2 1
123 1
16 1
1 1
1000000000 8
15304 6
3 8
4 2
100000 7
5 8
16724 6
999999999 1
999999990 8
999999999 8
100000 1
8 3
16768 6
123456789 1
2 8
999999937 8
5 1
2000000 7
1999998 2
125 3
