2 2
0010
0100
3 4
001000
000010
000010
4 3
01110
01110
01110
01110
3 2
0000
0100
0100
1 89
0000000000000000000000000000000100000000000000010000000000010000000000000000000000000000000
2 73
000000000000000000000000000000000000000000000000000000000000000000000000000
000000000000000000000000000000000000000100000010000000000000000000000000000
3 61
000000000000000000000000000000000000000000000000000000000000000
000000000000000000000000000000000000000000000000000000000000000
000000000000000000000000000000000000000000000000000000000000000
4 53
0000000000000000000000000000000000000000000000000000000
0000000000000000000000000000000000000000000000000000000
0000000000000000000000000000000000000000000000000000000
0000000000000000000000000000000000000000000000000000000
5 93
00000000000000000000000000000000000000000000000000000000100000000000000000000000000000000001010
00000000000000000000000000000000000000000000000000000000000000000000000000000000000000000000000
00000010000000000000000000000000000000000000000000000000000000000000000000000000000000000000000
00000000000000000000000000000010000000000000000000100000000000000000000000000000000000000000000
00000000000000000000000000001000000000000000000000000000000000000000000000000000000000000000000
6 77
0000000000000000100000000000000000000000000000000000000000000000000000000000000
0000000000000000000000000000000000000000000000000000000000000000010000000000000
0000000000010000000000000000000000000000000000000000000000000000000000000000010
0000000000000000000001000000000000000000000000000000000000000000000000000000000
0000000000000000000000000000000000000000000000000000000000000000000000000000000
0000000000000000000000000000000000000000000000000100000000000000000000000000000
7 65
0000000001000000000000000010000000000000000000000000000000000000000
0000000000000000000000000000000000000000000000000000000000000000000
0000000000000000000000000000000000000000000000000000000000000000000
0000000000000000000000000000000000000000000000000000000000000000000
0000000001000001000000000000000000000000000000000000000000000000000
0000000000000000000000000000000000000000000000000000000000000000000
0000000000000000000000000000000000000000000000000000000000000000000
8 57
00000000100000000000000000000000000000000000000000000000000
00000000000000010000000000000000000000000000000000000000000
00000000000000000000000000000000000100000000000000000000000
00000000000000000000000000000000000000000000000000000000000
00000000000000000000000000000000000100000000000000000000000
00000000000000000000000000000000000000000000000000000000000
00000000000010000000000000000000000000000000000000000000000
00000000000000000000000000000000000000000000000001000000000
12 13
000000000000000
000000000000000
000000000000000
000000000000000
000000000000000
000000000000000
010000000000000
000000000000000
000000000000000
000000000000000
000010000000000
000000000000000
13 1
000
000
000
000
000
000
000
000
000
000
000
000
000
1 33
00000100101110001101000000110100010
2 21
00100110100010010010010
01000001111001010000000
3 5
0001010
0100000
0100000
4 45
00010000101101100000101101000000100000001101100
01110000100111010011000000100000000001000001100
00000000001000100110100001000010011010001010010
01111110100100000101101010011000100100001000000
5 37
010100000000000000000110000110010000010
001101100010110011101000001010101101110
010000001000100010010100000000001010000
000000000100101000000101100001000001110
000010000000000000100001001000011100110
6 25
011001000100111010000101000
000000000010000010001000010
011001100001100001001001010
000000100000010000000000110
010001100001000001000000010
011000001001010111110000100
7 61
010000111100010100001000011010100001000000000011100000100010000
000010011000001000000100110101010001000000010001100000100100100
000010001000001000000100001000000100100011001110000111000000100
000000000101000011010000011000000101000001011001000011101010010
000010010011000000100000110000001000000101000000101000010000010
000010010101101100100100100011001011101010000101000010000101010
000100001100001001000000001000000001011000110010100000000010110
8 49
000100100000000111110010011100110100010010000011000
001000000101111000000001111100010010100000010000000
000000010000011100001000000000101000110010000100100
000000000001000110000011101101000000100000101010000
000000110001000101101000000001000000110001000110000
000100000000000000100100010011000001111101010100110
000000001000000010101111000100001100000000010111000
001000010000110000011100000000100110000010001000000
9 41
0011000000000101001101001000000001110000010
0000110000001010110010110010110010010001000
0001100010100000000001110100100001101000100
0001010101111010000000010010001001011111000
0101000101000011101011000000001100110010000
0001010000000000000001011000000100010101000
0000010011000000001000110001000010110001000
0000100010000110100001000000100010001111100
0000001110100001000001000110001110000100000
10 29
0000000000101001100001001011000
0001110100000000000000100010000
0010001001000011000100010001000
0001000010101000000010100010100
0111000000000000100100100010100
0001000100011111000100010100000
0000000000000001000001001011000
0000101110000001010001011001110
0000001000101010011000001100100
0100010000101011010000000000000
1 57
00011101100001110001111000000100101111000111101100111001000
2 32
0011110111011011011101111101011110
0111000110111111011110011101011110
3 20
0110011111110101101100
0111110000111010100100
0110111110010100011110
4 4
011100
001010
010000
011110
5 44
0001010010001111111001111111000010100100000010
0001111001111001101111011111010110001001111110
0111111010111111011101100011101010100101110110
0011010011101011101111001001010110000111111100
0110100111011100110101110010010011011101100100
6 36
01110101111111110101011000011111110010
00011101100010110111111111110001100100
00001111110010111111101110101110111110
00110110011100100111011110000000000010
01100101101001010001011111100111101100
00011111111011001000011001011110011110
7 24
01111001111001011010010100
00111011010101000111101000
01001110110010010110011110
00000101111011011111111000
01111111101111001001010010
01110000111101011111111010
00000100011100110000110000
8 8
0011101110
0110010100
0100111110
0111111100
0011010100
0001101110
0111100000
0110111000
9 48
00011010111110111011111001111111111101001111110010
01000101000101101101111110111101011100001011010010
00110111110110101110101110111111011011101111011000
00110111111100010110110110111001001111011010101110
01111111100101010011111100100111110011001101110100
01111011110011111101010101010100001110111111111000
01110101101101110001000010110100010110101111111100
00111101001010110010110100000111110101010100001000
00011011010110011111001100111100100011100110110100
10 40
010011001001111011011011101111010001010010
011000000110000010001011111010100000110000
011010101001110010110110011111010101101000
000111111010101111000110011111011011011010
010110101110001001001111111000110011101010
010011010100111110010100100111100111011110
001111101100111111111111001010111010000110
001111110010101100110100101110001011100110
010111010010001111110101111111111110111000
011101101111000100111111111001111100111010
11 28
011100111101101001011111001110
010001111110011101101011001000
001010011011011010101101101100
001100011001101011011001110100
010111110011101110000110111100
010010001111110000011111010100
001011111111110011101101111010
001101101011100100011011001110
001111110110100110101011000010
000101101011100001101101100100
010011101101111011100111110100
1 68
0101111110111111111111111111110111111111111111111110111111101111111110
2 56
0011111111111110111111111111111111011111111111011111011110
0111111111010111111111110111111111111110111111010111111110
3 17
0111111101111111110
0111111111101011110
0101111111111111110
4 4
011110
010110
010110
011110
5 89
0011111111111101110110111111111101111011111011101110111111111111111111111111111111111111110
0111111111111111111111111101111111111111111111111111111111111111111111111111111111111111110
0111111111111011111111111111111111101111011111111111111111110110111101111111111111111011010
0111111111111111011011111111111011111111111111111111111111111111111111111111111110111111010
0111111101111011111110101011111111110111100100101111111011111111111111011011101111111111110
6 77
0111111110101011111111111111111111111111111111111111100111111111101111111111110
0111111111111111111101111101111111111011111111011111111001011111111111101111110
0111101111111111111111111111111111111110110011111111111011111111101111111111110
0111110111111111111111111111111111111111111111111111011011111111111111111111110
0101111110111111111111111111111111111111111011111111111111111111101111011011110
0110111111101111110111111111111011111111101011111101111111111111111111110111100
7 20
0111111111111111111100
0111110111111111111110
0111111111111111111100
0111111011111111111110
0111111111111011101110
0111101011110111111010
0111111111111111111010
8 8
0111111110
0111101110
0111111110
0111111110
0111111110
0110111100
0101111110
0110111110
11 24
01111111111101111111111110
01111111111111111111111110
01110111111111111111111110
01111111111111111111011110
01111111111111111110111110
01111010111111100111101110
01111111111111010101111100
01111111111111110111111110
01011101111111111101111110
00111111011111111110111110
01111111101111111101111110
12 12
01111111111000
01101111110110
01111110111110
01111111111110
01111111111010
01011111110110
01111111111110
01101101011110
01111111111110
01111101011110
00111111111110
01111111011110
15 28
011111111101011111111101111110
011111111111111111111111111110
011101110111011011101111011110
011111111011111011110111111110
011111111110101111111111111110
011111011111110011111111011010
011110111111001101111111111110
011111111110111111111011111110
011111111111111111111111011110
011111011111111111111011001010
011111111101111111111101111110
011111111110111111101111011110
010111111111101111111111111110
011111111111111111011111111110
011011111111111110110111110110
2 11
0100000000000
0000000010000
1 100
010010010011100001101101110111101010000101010001111001001101011110000011101110101000100111111001101110
15 1
010
010
010
010
010
010
000
000
000
010
000
010
000
000
000
3 3
00010
00000
00010