42
4 3 1 2 1 3 3 3 1 2 2 2 4 2 4 4 3 4 1 4 1 3 2 1 3 2 1 3 4 4 3 4 3 2 1 4 4 4 3 4 4 3
334
2 1 2 4 2 1 4 1 3 2 2 4 4 2 2 3 1 4 3 3 1 3 1 3 1 1 3 2 3 2 3 3 3 2 2 1 2 4 1 3 1 1 3 1 4 1 1 4 3 4 2 3 3 3 2 2 2 4 4 3 1 3 2 3 2 3 2 2 1 1 3 2 2 2 2 1 3 3 2 1 4 4 4 3 4 1 3 3 2 1 3 3 4 4 4 2 2 4 2 4 2 2 2 3 2 1 3 3 3 3 2 1 1 4 3 4 3 4 1 2 1 4 4 2 3 3 4 1 3 1 1 2 1 4 1 1 2 3 2 4 3 3 1 1 4 4 1 2 1 4 4 2 3 2 2 3 2 1 4 4 1 2 4 1 3 4 1 1 1 2 2 3 4 2 2 4 4 4 3 4 1 1 3 3 1 1 3 2 2 3 2 2 1 3 3 1 3 4 3 2 3 4 4 1 1 4 3 3 1 4 1 3 3 3 4 2 2 3 1 1 2 3 3 4 2 4 2 1 1 2 4 1 1 3 4 2 2 1 2 2 4 4 3 2 3 2 1 3 2 2 1 1 2 3 2 2 1 2 1 1 2 4 3 2 2 1 2 1 3 2 4 4 4 1 4 2 2 2 3 2 2 4 2 1 3 2 1 3 4 3 3 2 1 4 3 4 2 4 2 2 1 1 1 2 2 1 2 3 3 3 2 1 1 3 2 2 4 3 2 3 1 4 1 4 2 1 3 3 2 2 3 2 3 3
169
3 4 2 3 4 3 2 2 3 3 1 3 3 1 4 2 3 4 2 3 2 2 3 4 1 1 2 3 1 2 4 3 4 4 2 4 1 4 1 2 2 4 1 2 2 2 4 1 3 3 3 1 1 4 1 2 3 3 3 4 2 4 1 1 4 2 3 1 3 4 1 4 2 1 3 3 3 4 3 3 2 4 1 3 1 4 1 1 4 1 3 3 2 3 4 1 4 4 3 1 2 3 3 2 4 2 3 2 4 2 1 4 1 3 3 4 1 2 2 4 2 1 1 3 1 3 3 4 4 4 4 2 1 3 1 1 4 1 4 3 2 1 2 3 3 2 4 2 1 3 4 4 1 2 1 2 1 2 4 2 3 1 1 2 1 2 1 4 1
836
1 1 3 4 2 1 1 3 2 3 2 2 4 2 2 1 3 2 1 2 1 2 2 4 2 2 2 4 1 1 4 2 3 1 3 3 1 2 2 1 4 4 4 4 4 4 1 4 3 4 3 3 4 2 4 4 2 2 3 3 3 2 4 3 3 4 2 2 3 2 3 1 2 1 2 3 1 2 1 2 2 4 4 3 3 4 2 1 3 1 4 1 2 1 2 4 1 3 3 2 1 1 4 2 4 1 1 2 3 2 2 3 2 2 3 4 1 1 3 4 4 1 2 1 2 4 2 4 1 1 2 2 1 2 4 4 2 2 1 2 3 2 2 4 4 2 1 1 2 1 4 3 1 4 1 4 3 3 3 4 4 1 4 2 4 3 4 3 4 2 1 1 3 4 2 4 1 3 1 3 2 4 4 4 3 3 4 1 1 4 1 2 4 2 1 3 3 2 3 4 2 2 1 2 1 2 1 3 3 2 4 1 1 1 4 3 4 2 4 4 4 1 2 4 2 1 4 4 1 4 2 2 4 2 2 1 3 1 1 2 3 3 1 3 3 2 4 3 1 1 4 1 4 4 3 2 3 2 2 1 1 4 4 2 3 1 4 3 3 4 2 4 2 2 1 1 4 1 3 4 2 3 1 1 1 3 3 2 2 1 2 3 1 4 2 2 1 1 2 3 3 1 1 1 3 3 4 4 4 3 2 2 4 2 3 3 3 3 3 2 2 1 1 1 3 2 3 4 3 4 1 1 1 2 2 2 1 1 1 3 3 3 4 2 1 4 1 4 2 3 2 2 1 3 2 3 1 3 4 4 2 3 4 1 4 4 4 2 2 1 1 2 2 3 2 3 3 2 3 2 3 1 2 4 2 4 2 2 2 3 1 4 1 2 4 4 4 3 4 1 1 3 3 2 3 1 3 1 4 4 2 4 4 3 3 2 1 2 1 1 2 2 1 2 3 4 4 1 1 3 1 4 2 3 4 2 4 2 4 1 2 1 2 3 3 2 2 3 1 1 2 4 1 4 1 2 2 3 1 1 3 3 4 2 1 1 3 2 3 2 1 2 4 3 2 1 2 2 3 4 4 3 1 3 3 4 4 2 1 1 3 3 2 1 1 3 2 1 1 3 2 1 1 4 1 4 3 4 3 3 1 4 1 2 4 3 4 3 3 4 3 3 1 3 2 3 3 3 1 2 2 4 3 3 4 3 3 1 1 3 4 1 1 3 1 4 4 3 4 1 2 3 2 1 4 1 3 2 2 3 2 1 1 1 4 3 4 4 1 2 3 3 3 3 3 1 2 3 4 4 4 2 4 4 1 3 3 2 1 2 3 2 1 2 2 3 4 3 2 2 3 2 1 2 3 2 1 3 1 4 2 4 2 2 1 2 4 1 3 1 1 2 2 1 2 1 3 1 3 1 1 2 1 3 4 4 4 2 2 4 2 2 2 1 3 4 2 1 3 2 3 2 1 4 2 2 2 1 1 3 4 1 3 3 3 3 4 3 1 3 4 4 1 3 1 3 4 1 3 1 2 3 4 2 2 2 4 3 3 4 3 2 1 1 4 1 1 3 4 1 4 1 4 4 3 1 3 4 3 2 3 3 1 4 1 4 1 1 3 4 2 4 3 4 1 4 1 4 3 3 1 1 4 3 1 3 2 1 3 2 2 4 3 2 1 1 4 1 4 1 4 3 4 2 1 4 4 1 2 1 2 3 2 4 2 2 3 1 4 3 2 1 3 2 2 2 4 2 2 3 1 1 3 2 3 2 2 3 3 1 2 3 4 2 4 4 4 2 4 3 3 3 3 3 4 3 1 4 3 2 1 4 3 3 3 1 1 3 2 3 4 4 2 3 2 2 3 3 3 3 2 4 1 4 3 2
436
2 4 3 3 2 1 3 1 1 1 2 1 3 4 3 4 2 1 3 1 1 2 1 3 1 1 4 1 4 1 1 2 4 2 4 2 2 1 1 1 4 4 3 2 4 1 3 3 2 4 1 3 4 1 1 4 4 2 4 3 1 2 1 4 1 3 1 2 2 2 1 2 4 1 3 2 3 4 4 2 2 2 1 2 3 1 3 3 3 4 3 2 4 2 1 1 1 1 4 1 2 4 3 4 1 3 3 4 4 2 1 3 4 4 1 1 1 2 3 2 3 1 1 4 1 4 1 1 3 1 4 1 1 2 3 3 2 3 2 4 3 2 2 4 1 1 3 3 4 3 2 3 4 2 2 4 3 1 2 4 1 2 2 1 1 4 2 3 1 4 4 2 3 1 4 3 1 3 2 2 2 1 3 4 2 1 3 2 4 4 2 2 1 1 1 4 4 3 3 4 4 3 1 2 2 2 2 2 3 3 3 1 4 4 2 3 4 2 3 2 2 2 3 3 4 1 1 4 3 3 3 2 4 4 2 4 2 3 4 4 1 3 1 4 2 3 3 3 4 1 3 1 2 2 1 4 2 4 3 4 2 3 1 2 1 2 2 4 4 1 3 4 1 3 4 3 3 2 3 4 4 1 2 1 4 1 3 3 3 2 2 4 4 4 1 2 2 2 2 3 3 2 2 4 4 3 4 2 1 2 2 1 1 2 4 3 4 2 1 1 2 1 2 4 3 2 3 3 1 3 4 3 1 2 1 3 2 1 2 1 2 3 2 4 3 1 1 3 1 2 3 3 4 2 3 4 1 3 4 2 4 2 3 1 4 4 4 1 3 4 1 4 3 4 1 4 1 2 2 2 4 1 2 3 1 3 2 1 3 2 3 1 4 2 4 2 2 1 4 2 2 2 2 3 4 2 2 1 1 4 2 2 1 2 1 3 1 4 2 1 1 1 4 2 1 4 1 4 1 1 4 2 4 4 4 2
937
4 2 3 1 4 1 1 4 2 4 1 4 1 3 1 2 1 4 3 2 3 1 1 2 3 1 1 1 1 3 2 1 3 3 2 2 1 4 1 1 4 4 3 2 1 2 1 4 1 2 2 1 1 4 3 4 3 2 3 1 1 3 1 2 3 3 3 4 4 2 4 4 1 4 4 2 4 2 2 1 2 2 2 4 3 2 4 1 3 3 1 4 2 1 1 2 3 2 4 3 4 3 1 4 1 4 3 1 3 4 2 2 3 4 2 4 3 4 3 3 4 4 1 2 1 4 4 2 3 3 2 2 2 4 4 2 3 4 2 3 2 2 3 3 1 1 4 1 1 2 4 3 1 2 4 2 1 4 4 2 4 2 2 2 2 3 4 2 3 1 4 4 4 2 3 4 3 1 3 3 4 2 3 1 3 4 3 1 4 2 3 1 2 3 2 4 3 3 3 4 2 2 1 3 2 3 4 4 2 2 3 1 1 2 3 1 1 2 4 3 2 1 3 1 4 3 4 2 1 1 4 4 4 4 1 2 3 2 1 4 2 2 4 1 4 1 2 2 1 1 1 4 4 1 3 4 3 1 2 4 2 3 3 1 4 2 4 3 4 2 2 4 2 4 2 1 4 4 4 1 3 4 4 4 2 2 3 3 3 1 2 4 3 4 4 4 3 4 2 3 4 3 2 4 3 4 2 2 1 1 3 3 4 3 3 2 3 1 2 2 3 4 3 4 3 1 3 1 4 2 4 2 4 2 3 4 4 3 2 4 4 3 4 1 4 3 1 3 4 1 2 4 3 4 4 1 4 4 1 4 4 1 4 3 4 1 4 4 2 4 3 2 1 3 3 2 2 2 2 3 4 3 2 3 4 4 3 3 2 3 4 1 3 4 3 4 3 3 1 3 4 4 1 2 3 3 4 1 3 3 2 2 4 2 2 1 2 1 3 2 2 2 1 3 4 3 2 3 2 1 3 2 3 1 1 2 3 2 4 1 2 3 4 4 4 2 3 3 4 1 4 2 4 3 1 4 3 3 3 1 4 1 4 1 2 1 1 3 1 4 1 3 4 4 2 4 3 3 3 1 3 3 2 2 3 1 2 2 1 3 4 2 2 2 1 4 2 4 3 1 4 2 1 3 1 1 4 4 1 2 3 3 2 4 1 4 4 1 2 2 2 3 3 2 3 4 2 3 3 4 2 4 4 3 2 1 4 3 4 2 4 2 3 4 2 2 1 2 2 4 3 3 2 4 2 4 4 4 4 1 4 3 1 3 2 3 2 1 1 4 3 3 1 3 4 2 3 4 2 1 2 3 3 3 3 1 4 2 4 1 1 3 2 4 2 3 2 3 4 2 1 2 1 2 2 2 4 3 4 3 1 4 3 2 1 4 4 2 4 2 4 3 2 1 4 4 4 4 3 2 3 2 4 1 2 1 3 2 1 4 1 1 4 1 2 3 4 3 3 4 4 1 4 3 4 3 3 2 3 2 2 4 1 3 1 4 3 2 4 3 1 1 3 1 4 2 3 4 2 4 4 2 3 3 3 4 2 1 3 2 3 1 2 1 1 2 1 3 2 3 4 2 2 1 2 3 2 4 1 4 2 3 4 4 1 3 2 2 3 3 3 1 4 1 4 2 3 2 3 2 1 2 3 2 3 2 1 4 4 3 4 4 4 4 3 2 2 3 4 2 1 4 3 1 2 1 3 2 3 1 4 2 2 3 2 3 3 2 1 3 4 3 2 3 4 2 4 1 2 1 2 3 3 1 4 1 1 2 4 2 1 1 4 2 3 4 1 2 4 2 2 4 1 4 4 1 2 2 4 4 1 2 4 1 1 2 2 2 1 4 3 1 1 3 2 2 3 3 3 2 1 2 3 4 2 1 1 2 2 1 2 4 4 2 1 1 3 3 4 2 2 3 3 3 3 3 3 2 1 2 1 3 2 1 4 2 1 3 3 3 1 4 3 3 1 4 1 1 1 3 3 4 4 3 1 4 3 1 2 3 3 3 2 1 3 1 2 2 1 2 2 3 1 2 3 3 1 2 1 4 3 4 2 4 4 3 4 1 2 1 4 4 4 3 3 1 4 4 1 4 2 2 3 2 3 2 1
856
1 2 1 3 1 4 2 3 4 4 1 1 2 2 4 2 4 1 4 2 1 3 4 1 4 3 2 1 4 3 2 4 3 1 4 4 3 4 3 4 2 2 3 4 1 1 3 4 3 3 4 1 2 2 4 4 3 4 2 3 2 2 1 1 1 3 3 2 1 4 4 3 4 1 3 3 1 2 4 2 1 3 3 4 4 1 4 2 3 2 4 1 3 3 2 3 1 4 1 1 3 3 2 1 4 1 1 1 4 1 4 4 2 2 2 2 1 3 1 2 4 1 3 1 1 2 3 4 1 3 3 2 2 3 4 1 4 1 4 2 4 2 3 3 2 4 1 4 2 2 3 4 2 1 4 1 2 2 2 2 4 2 1 4 4 2 3 3 2 2 4 3 3 4 4 2 2 1 3 4 4 4 1 4 2 2 2 4 1 1 3 4 1 3 2 3 3 1 2 4 1 1 3 3 4 4 4 2 4 4 1 1 1 2 3 3 2 3 2 3 1 1 3 3 2 3 2 4 1 4 2 2 1 3 2 2 3 2 2 1 1 3 3 3 3 4 2 4 3 2 4 1 4 3 2 2 2 2 3 2 4 3 2 4 2 3 4 1 3 2 3 1 2 4 4 2 1 1 2 3 2 1 3 2 1 2 3 1 1 3 2 1 2 1 3 3 4 4 3 2 2 4 2 2 1 4 4 3 2 3 2 1 1 1 4 3 4 4 2 1 3 4 2 2 1 3 1 1 3 1 3 4 3 4 4 2 4 3 4 2 4 4 3 1 2 2 2 2 1 4 1 4 4 3 1 4 4 1 3 1 3 3 1 4 2 1 1 3 1 4 4 1 2 1 1 3 3 3 2 2 4 1 1 4 4 1 3 3 3 3 2 4 4 2 1 4 3 4 4 1 2 1 3 2 4 2 3 4 2 2 3 4 1 4 1 1 4 2 1 4 2 1 1 4 2 2 2 3 3 1 1 2 2 4 2 4 2 2 1 3 2 1 2 2 1 1 3 2 2 1 2 1 1 3 1 3 2 3 4 1 4 4 2 4 1 2 4 4 4 3 4 4 3 1 2 3 2 3 3 3 3 4 4 1 4 4 1 1 2 4 1 3 3 4 4 2 3 3 2 1 2 3 4 3 1 2 4 3 1 4 2 4 4 1 4 1 3 1 2 4 3 2 2 4 1 3 2 1 4 3 3 3 4 3 4 1 4 3 4 3 3 2 4 2 3 1 1 3 2 2 3 2 2 1 2 4 4 3 2 4 4 1 4 2 2 3 1 1 4 2 1 2 2 2 4 4 2 4 4 2 1 3 1 3 1 1 3 4 2 1 4 3 3 2 1 3 4 3 2 4 1 1 4 4 4 4 3 2 3 2 4 2 1 4 4 1 2 2 1 3 1 1 1 2 1 3 1 1 3 2 4 1 3 1 4 2 3 4 4 1 4 2 3 4 4 4 3 2 4 3 1 1 3 2 1 2 2 1 1 4 1 2 3 4 2 2 2 3 1 1 4 4 4 2 1 3 3 4 3 2 3 2 3 3 2 2 3 2 2 3 4 1 4 1 2 1 2 4 1 3 4 1 2 3 2 4 3 3 3 4 3 3 2 1 2 4 4 3 3 2 1 4 3 3 2 4 1 1 4 2 2 3 2 2 3 2 4 1 1 1 2 4 4 3 3 1 3 4 4 2 3 3 4 3 1 2 1 3 1 3 2 1 1 2 2 1 3 2 1 4 2 4 2 4 2 1 1 1 1 4 2 3 1 4 1 1 3 3 3 1 2 3 1 2 1 4 4 2 1 2 1 3 3 4 2 4 4 2 4 3 1 3 2 2 1 2 2 2 1 1 2 4 3 2 2 2 3 1 4 4 2 3 4 4 3 2 1 3 2 1 4 1 3 1 4 2 4 3 1 2 2 4 1 2 1 3
984
4 2 2 2 1 1 4 2 1 3 1 1 2 1 2 1 4 2 2 4 1 1 1 4 1 3 1 4 4 4 2 2 3 3 2 2 3 3 1 3 4 2 1 1 1 1 1 3 4 2 3 2 1 1 3 2 2 3 3 2 2 3 4 2 2 1 2 4 3 3 2 4 1 1 2 1 4 1 3 3 1 4 3 2 3 4 2 2 2 3 2 1 3 2 4 3 2 1 4 4 1 2 4 3 2 4 1 1 2 2 3 3 3 4 3 4 3 1 1 2 1 2 2 4 1 2 2 1 3 2 2 3 1 3 2 1 2 2 1 1 1 3 1 4 1 1 1 1 4 1 4 1 3 1 4 3 2 3 2 3 1 1 4 3 2 3 4 3 4 4 3 1 3 1 2 3 4 4 3 3 3 3 4 3 4 3 3 3 3 4 1 3 4 2 1 1 1 2 3 3 1 1 2 1 1 4 1 2 4 4 1 3 1 4 3 4 4 1 4 2 4 2 2 4 3 4 1 2 2 3 2 3 1 2 2 1 3 3 2 3 1 2 1 2 4 4 4 4 2 3 1 1 1 4 2 2 4 4 4 4 1 3 1 1 4 2 3 2 4 3 2 4 3 2 1 2 1 2 4 3 3 4 4 4 1 3 4 2 1 1 3 1 2 1 1 3 1 2 2 2 2 3 4 3 1 3 1 1 3 2 1 1 3 1 1 4 2 3 4 2 2 4 4 4 1 2 1 4 1 1 2 2 3 3 4 3 1 2 3 2 4 1 2 3 2 1 2 3 2 3 2 3 1 4 2 4 1 1 1 3 1 1 3 3 4 1 3 4 1 2 1 1 2 3 3 3 3 1 1 3 2 3 3 1 1 2 2 3 3 3 2 2 3 3 2 4 1 3 4 1 2 4 2 1 2 3 1 2 4 4 2 2 2 4 2 1 1 2 2 4 3 4 2 4 3 1 2 4 2 1 3 4 3 3 3 4 4 2 3 1 3 3 3 2 1 2 3 1 2 3 1 3 1 3 4 1 3 3 3 1 2 4 4 4 2 4 3 1 4 4 1 2 1 2 2 2 1 4 3 3 4 2 4 4 1 1 1 1 1 4 2 2 2 4 4 1 1 2 2 4 1 4 4 3 2 4 3 1 4 3 1 1 3 2 2 3 2 1 3 4 2 1 2 2 2 4 2 4 2 2 4 1 4 2 3 3 1 1 4 1 3 3 1 1 2 4 3 4 1 4 1 3 3 2 3 3 2 4 3 3 3 4 2 4 2 3 2 1 4 3 3 1 2 3 4 2 3 3 3 3 2 1 4 4 1 2 1 4 2 2 1 3 4 3 3 1 1 3 2 3 1 3 3 1 4 3 1 3 4 4 3 4 1 1 2 4 3 1 1 1 2 4 3 4 3 4 4 1 1 1 2 4 1 4 1 1 3 4 4 2 2 3 2 4 2 4 1 3 3 4 2 2 1 2 2 3 2 2 3 2 4 2 2 4 4 4 3 1 1 2 1 2 1 3 1 1 4 1 1 2 3 3 1 3 4 1 4 2 3 2 3 1 4 1 2 3 1 3 4 1 3 4 1 3 4 4 2 4 1 4 4 3 1 1 1 4 3 4 4 3 4 3 1 3 2 3 3 1 2 2 1 1 1 3 3 1 1 3 3 2 3 2 4 4 2 3 2 2 2 4 2 4 1 2 3 2 2 3 4 2 1 1 4 2 3 2 4 4 2 4 4 1 3 3 1 3 1 4 4 3 1 1 3 3 4 2 4 4 4 2 2 2 3 3 4 2 4 2 3 4 4 2 3 3 4 2 1 2 4 1 4 4 3 2 2 2 4 1 4 4 4 4 4 1 4 1 1 2 2 3 4 2 3 2 2 3 4 4 2 4 1 2 1 2 1 4 3 3 4 4 3 1 1 4 2 3 4 2 4 3 3 4 3 4 3 4 4 4 1 1 3 1 1 2 3 3 3 2 2 1 1 1 2 1 1 3 4 1 3 3 4 3 4 1 1 3 3 3 2 4 4 4 1 4 4 1 3 1 1 1 4 4 3 4 1 3 2 4 3 1 4 3 1 4 1 3 1 4 1 3 3 2 1 1 3 3 2 1 4 2 3 1 4 4 2 4 2 3 1 4 2 4 4 3 4 1 1 2 3 1 3 1 3 2 4 1 1 1 3 3 2 4 1 1 3 1 1 2 3 1 1 2 1 3
583
3 4 1 2 1 4 4 2 1 3 4 1 4 3 2 2 2 2 2 2 1 4 3 2 2 3 1 4 3 1 4 1 2 1 2 2 1 3 3 1 2 1 4 3 1 2 2 4 4 3 3 3 2 3 2 3 3 3 3 4 3 1 1 2 4 4 3 2 2 4 4 2 1 4 2 4 1 1 2 1 1 1 1 4 4 4 2 1 1 1 3 2 1 1 1 1 3 3 4 2 3 4 1 3 1 1 2 2 3 1 4 1 2 4 3 1 2 4 3 3 1 4 1 2 2 2 4 3 4 1 1 1 4 2 4 2 3 2 4 1 4 1 1 4 3 1 1 1 1 2 2 3 3 1 1 4 1 3 1 4 2 3 2 1 2 2 4 1 3 2 1 3 4 1 1 1 3 3 3 2 4 2 1 3 2 2 3 4 3 4 2 4 3 3 3 4 1 1 1 4 4 1 3 3 2 1 1 2 2 3 1 2 4 1 1 1 3 2 4 1 3 1 2 3 3 4 4 3 4 1 3 1 2 4 3 4 2 2 3 1 2 4 4 2 1 2 3 3 2 1 2 4 2 3 1 4 3 2 1 2 4 1 2 3 2 2 2 3 2 3 1 3 4 2 2 2 2 2 1 2 2 4 3 1 3 1 3 1 3 2 2 1 4 2 2 1 4 3 2 4 3 4 1 3 3 1 4 1 4 3 1 1 3 2 1 4 3 4 4 4 2 3 4 3 1 2 3 4 3 4 1 3 4 2 1 3 1 2 2 1 2 3 2 2 2 3 2 1 2 2 1 2 4 2 1 2 2 4 1 4 4 4 2 3 3 3 4 1 2 4 1 4 4 1 3 3 3 4 1 3 3 2 4 2 3 1 3 4 1 4 1 4 3 3 4 2 4 2 2 2 3 3 3 3 4 2 2 1 1 4 1 3 3 1 2 2 1 2 4 2 3 3 1 2 3 2 1 2 4 4 2 2 4 4 2 2 4 1 2 4 1 3 4 1 1 1 3 4 2 1 2 4 2 4 2 4 4 4 4 4 2 3 2 1 4 2 4 1 4 2 3 4 2 1 1 1 2 1 4 1 3 4 3 1 2 3 1 3 3 1 1 4 4 2 1 3 4 1 3 3 1 1 1 4 1 3 4 3 1 1 3 1 3 1 1 3 2 1 4 3 4 1 4 1 3 2 3 3 3 2 2 1 3 3 4 2 1 4 1 3 3 2 2 4 4 3 3 4 3 1 1 4 2 1 1 1 1 2 4 2 2 4 1 3 1 3 4 4 3 1 4 4 4 3 4 2 3 3 1 1 1 3 3
958
2 4 4 2 2 2 1 4 4 3 3 1 3 2 1 3 3 1 1 3 3 4 4 2 2 4 2 2 2 4 1 4 3 3 1 1 2 2 4 1 2 3 2 3 3 3 4 3 4 4 4 4 4 1 4 2 1 2 4 2 1 3 1 3 2 1 4 2 4 3 2 1 4 1 1 1 2 2 3 3 3 2 2 3 4 3 3 4 4 2 2 3 4 4 2 3 3 2 1 4 4 4 3 3 1 4 4 2 3 3 3 1 3 4 1 3 3 2 1 4 1 2 4 3 4 4 4 4 1 2 1 1 3 1 4 4 2 1 4 3 4 3 1 3 1 1 2 2 1 4 2 4 3 4 3 3 4 1 3 2 4 2 2 3 1 3 3 1 2 3 3 4 1 1 3 2 4 1 2 2 4 3 2 3 4 4 1 3 1 2 3 4 2 1 2 3 1 1 2 3 2 2 2 1 3 1 3 2 1 1 3 4 3 2 1 4 4 1 3 3 2 4 4 3 4 3 3 1 4 3 3 1 1 2 1 2 2 4 3 2 4 4 3 4 4 2 3 4 1 3 1 2 4 1 2 4 1 1 3 1 1 2 4 2 4 4 1 2 1 1 1 4 4 2 4 1 3 1 4 3 4 2 4 2 2 4 1 4 2 2 4 2 1 1 4 1 3 3 4 2 1 4 4 2 1 4 4 1 2 1 4 1 4 3 2 1 1 1 1 2 2 2 4 2 3 4 3 3 1 3 3 2 1 1 3 1 1 1 2 2 2 2 4 1 2 1 1 4 1 1 3 1 3 1 2 3 4 4 4 4 2 1 3 2 2 1 4 1 1 1 2 1 2 2 2 1 1 4 3 3 1 3 1 4 1 4 2 2 4 3 1 4 3 4 3 2 4 4 2 2 4 4 3 2 3 4 3 3 3 1 2 1 2 3 1 4 1 3 4 3 2 4 1 3 4 4 2 2 2 4 1 3 4 3 3 1 4 1 4 4 4 3 1 4 3 2 1 1 3 4 4 1 2 4 4 4 4 2 2 1 4 3 1 2 1 2 1 1 3 2 4 4 1 2 3 2 1 3 3 3 2 1 2 2 2 1 2 4 4 1 2 4 3 4 2 1 4 3 1 4 4 4 2 2 2 2 2 4 3 2 1 1 3 1 2 4 3 2 4 3 4 1 2 3 3 3 1 1 1 4 4 4 4 3 4 4 2 4 1 2 2 4 1 1 1 4 4 4 4 3 4 1 3 2 2 2 3 1 4 2 3 4 4 2 3 1 1 4 2 4 4 3 2 4 2 1 1 3 4 2 3 1 3 2 1 1 2 4 4 1 4 3 2 3 2 2 4 4 4 3 1 4 3 1 2 2 4 2 3 1 2 2 4 3 1 1 3 1 2 3 1 4 1 2 4 2 2 3 4 3 3 1 4 2 2 2 3 3 3 4 2 3 3 3 4 2 3 3 1 3 2 1 3 4 4 1 2 4 1 3 2 3 1 2 3 1 1 3 4 2 3 2 2 3 1 2 3 4 3 4 2 1 2 3 2 3 3 1 3 1 1 4 3 3 2 1 1 1 4 4 2 3 4 2 1 3 2 4 4 3 3 4 3 2 2 1 1 1 4 2 1 2 4 3 3 3 2 3 2 3 4 1 4 2 2 2 4 3 4 2 4 3 1 3 3 3 2 2 4 4 2 3 4 2 4 4 1 3 1 4 3 2 3 1 3 4 1 3 2 1 1 3 2 2 3 1 3 2 3 4 1 2 4 2 1 1 3 2 1 4 4 4 4 3 2 2 2 4 1 1 4 3 3 2 3 2 4 1 3 2 3 1 1 2 4 1 4 4 3 3 4 1 1 3 4 4 2 2 2 2 2 4 1 1 4 2 2 2 4 4 2 3 4 2 3 1 1 1 4 2 2 1 2 3 1 1 4 3 1 2 3 3 1 3 3 1 3 4 4 3 3 2 1 2 4 3 1 2 3 2 2 3 3 1 2 4 1 1 4 4 1 2 4 2 4 4 2 1 4 4 1 4 4 3 3 2 1 4 3 1 2 4 1 4 2 3 1 2 3 4 3 1 1 1 2 4 4 1 3 4 3 2 4 1 1 2 4 3 1 4 2 3 2 3 2 4 3 3 3 1 1 2 1 4 4 1 4 3
478
3 2 3 4 2 2 2 1 1 2 2 2 4 2 2 3 2 1 3 2 4 2 3 1 3 3 4 4 4 3 1 1 1 2 1 3 3 2 4 1 2 3 1 3 1 2 1 1 2 1 1 3 3 1 2 1 3 1 2 4 3 2 1 4 1 4 2 4 2 1 2 3 2 3 3 4 4 2 1 4 3 2 3 2 1 2 2 3 1 2 1 4 2 2 4 1 1 4 2 3 3 2 1 4 1 3 1 1 4 4 4 4 1 1 4 3 4 2 1 1 2 3 1 4 1 3 1 3 3 4 2 4 2 2 4 4 3 3 1 2 4 1 1 1 3 2 1 2 4 4 1 2 2 3 2 4 3 4 4 1 1 3 1 3 3 4 3 4 3 2 2 3 3 4 4 4 3 4 4 4 3 1 1 2 1 3 1 4 1 2 2 1 3 3 3 1 1 2 2 2 2 4 1 4 2 3 2 3 3 4 3 3 3 4 2 1 3 3 1 4 3 4 2 2 3 1 1 4 2 1 2 3 4 3 4 1 1 2 2 4 4 1 2 4 1 2 3 3 3 2 3 4 1 3 4 4 3 4 2 1 4 3 2 4 1 4 2 2 4 2 4 1 2 4 3 4 1 2 4 4 3 4 2 4 3 2 4 3 1 4 2 1 4 4 2 4 1 2 4 4 3 3 1 4 1 1 4 2 3 1 1 4 1 2 2 1 1 2 3 4 3 3 2 3 1 3 3 2 3 3 4 1 1 4 4 4 4 3 1 1 3 3 3 3 2 4 3 1 2 2 4 1 2 3 1 2 1 1 3 4 1 3 1 2 3 2 1 4 4 3 4 3 4 3 1 1 2 1 2 2 3 3 4 3 1 4 3 4 2 2 1 1 1 3 3 4 2 4 1 2 1 4 3 3 4 2 3 3 4 2 2 2 4 1 1 2 2 3 1 4 1 1 2 1 4 3 3 1 3 3 2 1 3 3 1 4 1 3 2 3 1 3 3 3 1 3 1 3 3 3 2 2 2 2 4 3 2 2 4 3 1 2 3 1 2 3 3 4 4 3 1 3 2 2 2 3 1 2
452
4 1 2 2 1 1 2 2 1 2 1 2 1 3 2 1 2 2 1 4 2 4 1 4 1 1 2 2 4 2 1 4 3 4 1 1 3 2 1 1 2 2 3 1 2 4 3 2 4 2 4 4 2 3 2 4 3 2 1 3 1 2 1 3 2 4 2 4 3 4 2 4 3 4 1 2 4 1 4 1 3 3 1 3 4 3 2 4 3 3 4 1 2 2 1 1 3 1 1 2 2 1 2 3 2 1 2 1 2 2 2 3 3 1 4 2 4 1 4 4 3 2 2 1 2 2 2 4 1 2 2 4 2 3 4 2 4 1 3 4 4 3 4 2 4 4 4 4 3 1 4 1 2 1 4 2 3 2 4 2 3 4 4 1 4 2 1 2 1 3 4 1 2 3 3 4 3 4 2 2 3 3 4 2 4 2 1 1 4 1 2 2 3 3 3 1 4 4 1 2 2 1 4 3 4 4 2 1 2 4 1 2 1 3 1 3 4 2 2 1 1 4 1 1 4 3 4 4 3 4 3 2 1 1 4 3 2 4 2 3 2 1 2 2 1 4 2 1 4 4 2 2 3 3 4 2 2 4 3 3 3 1 3 3 3 4 3 3 4 4 3 4 4 3 4 2 4 3 1 2 3 2 2 4 4 2 4 1 1 1 3 1 1 4 3 4 1 2 2 1 2 4 4 4 3 2 4 1 4 4 2 1 1 2 2 4 1 1 4 2 1 3 1 2 2 1 4 1 2 3 4 1 1 3 1 1 2 2 1 2 3 3 2 3 3 1 1 1 2 4 1 2 2 2 4 3 1 4 1 3 1 2 2 2 3 3 4 1 3 2 1 4 4 4 1 2 3 3 4 3 4 2 2 4 1 2 1 3 1 4 3 1 4 1 4 4 1 2 2 4 1 4 1 4 2 2 2 1 2 4 2 3 1 4 4 1 4 3 3 2 4 3 1 3 2 2 1 3 4 1 2 4 3 2 3 4 3 2 2 4 4 3 4 4 3 2 3 3 4 4 3 1
257
3 1 2 3 2 1 4 2 4 2 3 3 1 3 4 2 1 4 4 2 2 1 2 4 4 2 4 2 3 1 2 3 1 3 4 2 1 1 2 1 3 2 4 4 4 4 2 3 4 1 4 2 3 2 2 2 1 2 4 4 2 4 4 4 1 4 4 1 2 1 1 4 1 3 4 2 1 3 4 2 2 4 4 2 3 3 3 4 3 2 1 4 2 4 4 3 2 4 3 3 3 4 1 2 3 1 2 1 2 4 1 3 2 2 1 4 2 3 1 1 4 3 1 4 3 3 4 4 2 2 3 1 2 3 3 1 2 3 2 1 4 2 2 2 3 2 2 2 3 3 1 3 1 4 4 2 4 2 3 3 3 3 3 1 4 2 3 4 3 1 4 2 3 1 1 3 2 2 3 2 4 2 2 1 2 2 4 4 3 4 2 1 2 3 3 4 1 4 3 3 1 1 1 1 3 2 4 2 3 3 1 2 3 1 4 3 3 1 3 4 2 3 3 4 3 4 4 2 4 1 1 2 3 4 4 4 4 1 3 3 2 3 3 1 1 3 3 1 3 4 4 1 2 3 4 1 1
709
1 4 3 2 4 1 4 1 1 4 1 1 1 3 2 2 1 3 2 1 4 3 3 4 4 3 3 1 1 4 2 4 3 4 4 3 1 4 1 2 1 2 3 3 2 4 1 3 3 4 2 2 2 1 3 4 2 2 4 1 4 2 4 2 4 3 4 3 2 3 2 3 3 4 2 3 2 3 1 3 2 4 4 3 2 3 3 1 2 2 3 2 3 1 4 2 2 2 3 3 1 3 3 1 3 4 2 4 2 1 3 2 1 3 2 4 2 2 3 2 4 3 2 1 2 3 2 4 1 4 1 3 2 2 4 4 2 4 3 2 1 4 3 3 1 1 2 4 1 4 3 4 1 1 2 1 3 2 2 2 3 4 1 1 4 1 4 3 3 2 4 2 3 2 4 2 1 2 1 4 4 2 2 2 4 4 3 3 4 4 3 2 2 4 1 4 3 1 4 3 2 1 3 4 1 2 4 1 1 2 2 3 1 1 1 1 2 1 1 2 1 4 3 4 1 3 3 2 3 4 1 3 4 1 2 3 2 3 1 1 1 2 3 2 3 3 4 1 1 2 3 3 4 2 4 1 1 1 4 4 1 4 4 4 4 1 2 4 2 3 4 4 2 4 2 4 2 2 3 1 3 4 2 2 3 1 3 1 1 2 3 1 4 3 4 1 2 3 2 2 1 1 1 2 3 2 4 2 2 1 1 2 4 4 3 2 1 3 4 3 1 1 2 2 4 3 4 3 2 2 4 2 4 1 4 3 4 2 1 4 4 3 4 3 2 4 4 3 3 3 2 3 1 1 3 2 1 3 3 2 1 2 2 3 2 3 4 2 2 2 1 1 4 2 2 1 3 2 1 3 4 1 3 3 2 3 4 2 4 2 2 1 2 4 1 2 4 3 3 3 4 4 4 1 4 1 4 3 3 1 4 3 4 1 1 4 3 4 3 1 1 2 1 1 2 2 1 3 1 1 3 3 2 2 1 2 2 4 2 2 4 4 3 2 3 4 1 1 1 4 1 4 2 2 4 1 3 1 2 1 1 1 1 2 1 3 1 1 1 3 4 2 4 1 3 2 2 4 3 4 2 3 1 3 1 2 2 2 4 1 4 1 4 4 1 3 3 3 1 1 2 2 1 2 2 3 4 3 4 2 3 1 1 2 1 1 1 2 1 3 2 3 2 2 3 4 2 3 3 1 2 4 4 1 2 3 3 2 2 2 1 2 4 1 3 3 3 2 2 2 3 1 3 1 1 1 1 2 2 1 2 3 3 2 3 4 3 4 2 2 1 3 2 1 3 4 2 4 4 4 1 3 1 4 2 1 2 1 2 3 3 2 2 4 3 4 3 3 4 2 3 3 4 1 2 1 1 1 1 3 4 4 1 3 3 3 3 1 2 3 3 1 2 2 2 4 1 2 1 2 1 4 2 1 1 1 1 4 3 1 4 2 3 1 3 3 4 2 3 3 4 3 3 2 3 4 3 4 2 3 4 2 2 3 4 4 2 2 4 4 4 3 3 3 4 1 1 3 2 3 4 1 3 4 2 4 1 4 3 2 2 4 4 1 2 2 4 4 4 1 2 3 3 4 3 4 4 4 2
648
3 3 1 1 2 2 1 1 2 3 4 3 1 4 2 1 2 2 3 1 2 1 3 4 3 3 4 4 4 3 3 4 4 1 3 2 2 3 3 4 4 1 2 3 2 4 1 4 2 3 3 4 2 3 4 2 1 1 4 3 2 2 1 1 1 2 4 4 3 4 4 1 4 1 4 3 3 3 1 4 2 4 3 3 2 3 4 3 1 2 1 1 2 4 1 1 2 1 3 3 1 4 4 4 2 4 2 1 2 2 3 3 1 2 4 4 3 4 3 2 3 1 2 2 2 2 3 2 2 4 1 3 3 1 4 4 2 1 4 3 4 1 2 3 1 4 4 1 1 3 1 3 3 3 4 2 4 3 1 3 2 3 1 4 2 3 3 3 3 1 3 3 1 3 2 3 4 3 1 4 4 3 3 2 4 3 2 1 2 4 1 4 3 4 3 2 3 3 2 1 2 4 2 3 4 4 4 3 3 2 2 3 3 1 4 3 3 2 4 3 2 4 2 4 2 4 3 1 4 1 4 4 4 1 1 2 3 2 3 2 2 2 4 4 4 4 1 2 4 3 2 4 4 4 1 1 2 2 2 1 1 4 1 1 3 1 4 3 4 2 3 2 1 3 1 2 1 1 1 4 3 3 1 4 2 4 1 2 2 3 3 3 4 4 1 4 3 3 4 4 4 3 4 2 3 4 1 1 3 3 4 3 4 1 4 4 3 3 2 3 1 2 2 1 3 3 1 1 2 4 4 4 3 3 3 2 1 2 2 1 2 3 2 4 2 2 3 2 2 2 4 1 4 1 4 4 4 2 4 1 2 3 1 3 4 2 3 3 3 4 2 1 2 1 4 4 3 2 3 4 4 4 4 2 3 4 4 1 1 4 2 2 1 1 2 1 1 1 1 3 1 3 4 3 2 4 1 1 1 4 3 4 1 2 1 3 2 4 2 2 2 3 4 2 1 1 3 2 4 4 3 3 3 2 1 3 3 1 1 1 1 1 3 4 4 3 4 4 1 1 3 1 1 3 1 3 2 4 4 2 2 2 3 3 1 2 3 3 1 3 1 2 2 4 4 2 3 4 3 2 3 2 2 1 1 1 1 3 2 2 2 1 3 3 1 4 2 2 4 4 4 3 4 2 2 2 1 4 4 1 4 3 1 4 3 1 1 1 1 1 3 2 4 4 3 1 3 4 3 3 4 2 4 4 2 4 3 3 2 1 4 1 3 4 4 2 3 3 2 2 4 4 3 1 3 1 2 2 3 1 4 1 2 2 4 3 4 3 3 1 4 1 3 4 2 2 1 1 1 2 4 1 2 2 4 2 1 1 3 2 1 1 1 3 2 2 2 4 4 1 4 3 1 4 1 3 3 4 3 4 1 2 3 1 4 2 3 2 4 1 3 2 3 2 1 2 4 3 4 2 1 1 2 3 4 2 2 2 2 1 1 4 3 3 2 3 1 4
471
4 4 3 2 1 3 3 2 1 1 2 3 2 4 3 3 2 2 3 1 1 1 3 2 1 4 1 3 3 1 4 2 1 3 1 4 1 1 3 2 1 4 1 3 3 3 3 1 3 1 3 3 2 2 1 3 2 3 4 4 4 4 2 2 1 3 1 1 3 3 4 2 1 1 2 3 2 1 1 2 3 4 2 4 4 4 3 4 4 1 4 2 2 3 2 4 3 4 1 4 1 3 1 2 2 4 4 4 2 3 1 4 1 3 4 4 1 4 1 1 2 1 2 4 2 1 4 4 3 4 4 2 3 4 2 2 4 2 3 3 4 3 4 3 2 3 1 3 1 1 3 1 1 3 4 4 4 2 4 2 3 1 2 3 4 3 3 1 2 3 2 2 3 3 4 1 2 3 2 4 1 3 1 2 4 3 3 1 3 3 3 2 4 2 3 3 1 2 4 4 1 1 3 2 4 3 2 1 4 4 1 1 1 2 3 2 4 2 4 2 4 3 3 3 1 4 2 2 2 4 1 3 4 2 1 2 3 2 3 2 4 4 4 4 4 3 1 2 1 3 1 4 2 3 2 2 4 2 1 3 2 2 2 2 4 1 4 4 3 4 1 1 3 1 1 2 3 1 3 2 2 2 4 3 2 1 2 3 1 4 4 4 1 2 4 1 4 3 4 2 1 1 2 2 1 3 2 2 2 1 1 1 3 4 3 2 4 3 1 2 1 2 1 3 1 3 1 4 1 2 1 1 4 2 4 1 1 4 1 2 3 1 4 1 2 4 4 3 3 1 1 3 4 1 1 1 3 1 2 2 2 4 4 1 1 1 1 1 4 2 4 4 1 3 2 4 4 2 2 4 4 1 4 1 1 4 4 1 2 1 4 4 4 1 3 2 3 1 4 4 2 4 2 1 2 3 1 3 4 2 1 2 2 1 1 1 4 4 2 1 3 2 1 2 3 4 3 3 3 3 4 4 2 3 3 1 3 3 3 2 3 1 4 1 2 4 3 4 3 3 4 3 1 4 3 4 2 1 1 1 1 1 3 2 4 2 3 4 3 1 2
485
4 3 1 1 3 3 4 3 4 3 4 1 2 4 1 1 2 4 3 4 4 2 4 2 1 1 2 2 3 1 4 3 1 2 3 1 2 1 3 1 3 4 4 1 2 1 2 3 2 2 3 4 1 3 3 3 1 4 4 2 2 1 3 1 2 4 2 3 2 2 4 1 1 4 2 3 2 3 4 4 3 2 3 1 3 3 4 3 3 4 1 1 1 3 2 4 1 4 2 1 4 2 3 2 1 1 4 1 2 3 2 1 4 4 1 3 3 2 3 4 4 4 1 3 3 2 1 1 3 2 4 4 4 2 4 1 4 2 1 1 1 3 4 2 2 1 4 1 4 4 4 3 3 1 4 4 1 3 4 3 2 3 2 4 1 1 4 2 2 4 4 1 4 2 2 3 1 3 3 4 3 2 3 4 1 1 2 4 3 1 3 1 2 2 1 4 4 4 1 1 2 2 3 3 2 1 4 3 4 1 4 4 4 3 1 2 2 2 4 2 4 4 2 2 3 4 2 2 4 1 4 1 1 4 1 4 4 2 2 3 4 4 2 1 2 4 4 3 1 4 4 4 4 4 1 3 4 3 3 4 2 2 2 4 2 3 2 3 2 4 4 3 4 2 1 3 1 3 2 1 2 2 4 4 1 2 4 4 1 1 1 3 1 3 1 4 2 1 2 2 3 3 2 3 1 2 1 1 2 2 1 1 3 4 2 3 1 1 3 1 3 2 1 3 2 2 2 2 1 1 1 3 3 4 4 3 2 1 2 4 1 1 2 3 1 2 4 4 4 2 3 2 2 4 2 3 4 1 2 2 2 4 3 3 3 2 3 3 4 1 4 1 1 2 2 3 3 4 4 1 3 3 2 2 1 1 3 1 1 4 4 4 1 4 4 2 3 2 1 2 2 1 3 1 3 3 4 1 3 3 4 4 1 2 1 2 1 4 2 3 2 1 3 3 3 4 1 4 2 2 4 1 1 2 4 3 3 3 3 4 1 3 3 2 3 3 1 3 1 2 2 2 1 2 1 4 4 4 4 4 1 4 2 4 1 2 1 2 4 3 1 1 2 2 1 3 1 4 4 2 2 2 3 2 2
159
1 3 3 1 2 4 4 4 1 3 1 4 3 1 2 2 1 4 1 2 2 3 2 3 4 2 3 4 1 3 4 2 3 4 1 2 4 2 2 4 3 1 2 4 3 1 2 4 3 1 4 2 2 2 3 4 4 2 1 1 4 4 4 1 3 3 2 3 4 3 3 2 2 4 3 3 3 2 4 2 3 3 4 3 1 3 3 1 3 1 4 3 4 3 2 3 1 3 1 1 4 3 4 1 1 2 1 4 1 4 3 2 1 4 4 3 3 3 3 4 3 4 3 1 1 2 1 1 1 2 2 3 2 1 1 2 4 4 3 3 4 2 4 3 1 2 1 1 4 2 3 4 3 3 3 4 3 2 1
373
3 2 2 1 4 3 1 4 2 2 2 1 3 2 2 2 3 2 2 2 4 4 2 2 3 2 3 2 2 3 3 1 3 4 1 4 1 3 1 3 1 4 2 4 4 2 2 1 3 4 1 4 3 1 4 1 3 4 4 2 2 4 3 1 1 4 2 3 1 2 4 4 4 1 2 3 2 3 4 3 2 4 2 2 2 4 2 1 3 3 1 4 4 3 4 4 2 1 2 2 4 4 3 1 3 2 3 3 1 1 3 4 2 1 2 4 3 2 4 2 3 1 3 1 2 2 3 2 4 1 4 1 2 1 2 4 3 3 4 2 1 3 3 1 4 4 1 3 4 4 1 1 3 3 2 4 2 2 4 3 4 2 1 1 3 4 4 1 2 4 2 3 2 3 1 1 1 2 2 2 3 3 2 1 3 1 1 1 2 3 2 4 3 1 4 1 3 2 1 3 1 1 4 3 4 3 1 4 3 4 2 1 2 2 2 3 4 2 4 1 4 1 1 4 3 2 2 2 2 4 2 2 4 2 3 1 3 4 2 3 4 1 4 1 3 4 2 1 4 4 4 3 3 3 2 3 2 4 3 3 4 3 3 2 4 2 2 1 3 2 1 1 3 4 1 1 4 4 2 1 4 1 1 3 2 2 1 2 3 1 2 4 1 2 3 4 3 2 2 3 1 1 2 2 3 4 4 1 4 3 1 3 1 2 3 2 3 2 1 3 1 3 4 1 2 4 3 3 3 2 3 4 3 4 4 3 2 2 2 1 3 1 3 1 1 3 4 2 1 3 3 1 2 3 4 3 1 4 2 3 2 2 4 3 2 1 3 3 3 2 3 2 1
990
2 1 2 4 3 2 4 1 2 1 1 1 3 1 3 3 1 1 2 1 2 4 3 2 4 2 2 4 2 4 2 1 3 3 3 4 2 3 4 4 3 1 2 1 4 3 1 1 4 4 2 1 4 4 4 4 3 4 3 4 4 1 2 4 1 1 3 4 1 3 1 3 1 4 1 2 4 2 1 2 2 4 1 4 3 2 3 2 3 2 2 1 4 3 1 1 1 1 4 1 2 1 3 3 1 3 2 2 3 1 1 2 4 1 1 3 2 2 2 2 1 3 3 4 3 1 3 1 2 2 1 1 2 2 2 4 3 1 1 3 4 4 4 4 1 4 1 2 2 1 3 2 4 4 2 1 4 3 4 4 2 1 2 4 3 4 2 2 2 2 2 2 4 4 1 1 2 1 1 1 3 2 1 4 1 3 3 4 4 2 4 2 1 1 3 4 1 1 4 4 3 2 2 2 2 4 2 1 2 2 1 3 4 1 4 2 4 3 3 1 2 1 4 2 1 2 4 3 4 1 2 4 1 2 3 1 2 4 2 4 2 1 1 1 2 2 4 4 4 1 4 3 3 1 2 1 3 4 1 2 3 2 2 4 1 1 2 1 2 4 1 2 1 1 1 3 4 2 1 4 1 3 3 4 3 4 4 3 1 4 2 1 2 2 2 1 2 3 4 4 4 1 3 3 4 2 1 1 3 4 3 1 1 4 1 2 1 4 4 4 3 1 4 4 2 1 4 3 1 1 3 4 4 2 4 2 3 1 2 3 2 1 2 2 1 4 4 2 2 4 4 4 1 3 1 3 3 1 2 2 2 2 1 1 3 4 4 4 1 1 2 1 2 4 2 4 4 4 2 3 1 1 3 3 2 3 2 1 4 4 2 1 4 2 4 1 1 2 3 1 3 3 2 2 2 1 3 3 3 3 2 3 3 2 4 4 2 4 4 4 2 2 3 1 3 2 2 2 1 4 2 1 4 1 3 3 3 4 1 2 1 1 3 4 3 3 1 4 2 3 1 2 4 1 4 3 1 1 2 2 4 2 3 3 1 1 3 4 1 2 1 3 4 2 3 4 2 1 1 3 2 2 3 3 3 3 3 4 3 3 4 3 1 1 3 1 1 3 4 1 3 2 1 4 4 3 1 1 4 3 4 1 1 3 4 1 2 3 3 3 4 4 4 2 1 4 3 1 1 1 1 1 2 4 3 2 2 3 1 3 4 1 2 1 4 1 2 3 2 2 4 3 2 1 2 2 3 3 1 4 1 1 1 2 1 1 1 1 2 3 3 4 3 3 3 1 2 1 4 4 3 3 2 3 1 1 2 1 4 3 3 1 4 2 2 2 1 4 1 1 3 2 3 2 4 2 3 3 4 2 1 1 4 2 1 4 2 1 4 1 4 3 4 2 3 1 3 2 1 1 1 2 2 4 1 3 4 1 2 4 1 4 3 2 2 3 1 2 1 4 4 3 2 3 3 2 1 1 4 2 2 1 3 3 2 1 1 1 2 1 4 4 2 4 1 3 4 3 3 1 1 2 2 3 2 3 2 4 3 2 1 2 4 3 2 1 4 2 3 1 3 4 2 2 3 1 3 3 3 1 1 1 2 3 2 1 1 4 4 1 4 4 2 1 2 3 2 4 4 2 4 2 3 4 2 4 3 3 1 4 2 1 4 1 2 4 4 1 3 2 1 1 1 4 3 4 4 1 2 4 1 2 2 2 1 1 1 4 3 2 3 4 2 4 1 2 2 4 1 2 4 3 1 3 1 1 4 3 4 2 4 1 3 4 2 3 1 1 4 3 2 3 1 4 3 1 2 4 1 3 3 1 2 1 4 1 1 4 1 2 3 1 3 2 4 2 1 2 4 2 1 1 1 1 4 4 4 4 1 3 1 2 4 2 4 3 2 1 1 4 2 1 4 3 4 4 1 4 1 3 2 4 2 2 3 4 2 3 1 2 4 3 2 4 2 1 4 2 3 4 4 1 4 4 1 3 1 3 1 4 4 2 2 1 2 1 1 1 4 3 3 2 1 3 1 1 3 2 2 4 3 2 3 3 1 2 2 1 3 3 1 4 4 2 1 3 4 4 2 3 3 2 2 4 3 1 2 2 2 4 4 3 2 3 1 3 3 4 4 1 2 4 4 3 3 1 3 2 2 1 3 3 1 1 1 1 2 3 4 2 2 1 3 3 1 3 3 4 4 2 3 4 2 2 4 2 4 1 3 4
559
1 4 3 4 4 1 4 2 2 4 1 1 3 2 3 2 1 4 2 2 4 2 1 4 4 1 4 3 3 1 3 3 4 4 1 2 3 2 1 2 1 1 4 2 2 2 3 2 2 1 2 3 1 2 4 2 3 1 1 4 3 2 2 2 1 4 4 1 1 3 4 4 2 4 1 1 4 2 3 2 2 2 3 1 3 2 2 2 3 1 2 3 4 2 2 4 2 3 1 4 3 4 2 3 3 1 3 2 4 4 4 4 1 2 1 3 4 3 2 2 4 3 1 4 4 4 1 1 1 2 3 3 2 2 2 4 1 3 3 1 1 4 4 2 2 1 4 1 1 4 4 4 1 3 1 3 1 1 2 1 3 1 2 1 4 1 1 1 4 2 3 2 4 3 2 3 3 1 1 2 2 2 1 3 4 1 3 4 4 4 2 4 4 3 3 4 1 4 1 3 4 3 2 1 1 1 3 3 2 3 3 4 3 1 4 3 3 3 1 3 1 2 3 3 3 4 4 3 3 4 1 2 1 2 4 3 4 1 1 1 4 2 3 2 3 4 1 3 3 4 2 4 3 3 4 4 2 1 4 2 4 1 2 3 2 2 2 2 4 4 3 3 1 4 4 4 3 3 4 1 4 2 2 4 4 2 1 4 3 2 4 1 1 2 2 4 4 4 3 3 3 1 2 4 1 1 2 3 3 4 2 4 1 2 2 1 2 3 3 4 3 2 2 1 2 3 4 3 3 3 4 3 3 1 1 4 3 2 1 1 3 4 2 4 4 3 1 1 2 4 1 2 2 2 1 4 3 1 4 2 3 4 3 4 1 4 4 3 1 3 2 3 3 2 1 1 3 1 3 2 4 2 3 4 4 1 1 3 4 4 3 3 4 3 2 4 1 1 3 1 1 3 4 1 3 4 2 3 3 2 1 2 4 4 2 1 4 4 3 3 4 3 3 4 1 3 1 1 3 4 3 3 4 3 3 4 2 2 1 3 4 4 2 3 2 3 1 4 4 3 2 2 1 3 3 3 4 1 2 1 2 2 3 3 1 2 4 2 1 1 2 3 2 3 2 3 1 2 4 3 2 1 2 1 1 3 4 3 3 4 3 3 3 3 4 2 2 1 2 1 4 1 2 4 4 4 2 1 2 3 3 1 3 2 4 1 4 4 4 4 3 1 3 3 2 2 4 1 1 3 1 3 3 1 4 3 4 3 1 1 1 2 3 2 3 4 3 1 4 1 2 2 3 3 3 4 3 4 1
530
3 1 2 2 1 2 4 2 4 3 3 3 2 1 3 2 1 4 3 4 4 3 3 1 1 3 2 4 2 1 3 2 4 3 4 1 4 3 3 3 1 4 4 3 4 1 4 1 3 1 1 4 3 2 2 1 3 4 4 2 2 3 4 2 4 4 3 3 2 1 4 4 2 4 1 1 1 4 1 3 3 4 4 4 2 1 3 2 3 3 1 2 1 1 2 1 3 4 4 2 4 3 3 3 1 4 1 1 3 2 2 4 2 4 4 4 1 1 2 4 3 4 2 1 1 1 1 2 4 4 2 1 2 2 1 3 4 3 1 3 3 3 3 4 4 3 2 4 4 1 4 3 3 2 2 1 3 4 3 3 1 4 1 4 4 2 1 3 4 3 4 3 1 1 1 4 4 1 4 4 2 2 4 4 1 2 2 3 3 1 2 3 4 4 1 3 1 2 3 1 1 4 2 1 1 3 3 2 4 4 1 4 1 3 2 1 3 3 4 3 4 1 1 2 1 2 3 2 2 2 4 4 3 3 3 2 2 3 1 3 2 1 2 4 3 1 3 3 3 2 2 2 4 3 1 4 2 1 2 1 3 4 2 4 2 4 4 4 1 2 4 4 3 2 1 4 1 3 2 3 3 2 4 2 1 4 1 1 2 3 3 4 4 1 4 1 1 2 4 1 3 3 3 3 3 3 1 4 3 3 3 3 3 4 4 1 4 3 1 1 4 1 4 4 1 4 3 3 2 2 3 3 2 3 2 2 2 4 2 4 4 2 3 1 1 4 4 1 1 1 1 4 1 2 4 3 2 3 1 2 3 3 2 4 2 1 2 4 3 4 1 1 2 2 1 4 4 1 4 4 3 2 2 2 1 2 4 2 2 2 1 2 1 2 4 2 1 2 2 4 4 3 1 1 3 3 1 3 3 3 2 4 4 1 3 3 4 3 2 2 2 2 3 4 3 2 1 3 1 1 2 4 3 2 2 2 4 4 4 4 3 3 4 3 2 3 4 4 1 3 1 1 2 3 4 2 3 4 1 2 3 3 3 3 1 1 1 2 1 2 1 2 4 1 1 4 2 3 2 3 2 2 1 1 2 4 3 1 3 4 1 3 3 4 4 1 1 3 1 3 2 1 4 1 2 4 2 3 4 2 4 1 1 1 3 1 1 2 4 2 4 1 1 2 1 3 1 2 1 1
614
3 2 4 1 1 4 1 2 4 4 3 3 3 3 3 1 4 1 4 4 3 2 3 3 3 1 4 2 2 3 2 1 4 2 3 1 2 3 4 1 3 1 3 1 4 4 1 2 4 4 3 2 2 1 4 1 2 2 1 4 1 1 3 1 1 3 3 3 4 4 4 4 4 1 2 4 3 3 3 3 4 3 2 2 2 1 1 2 3 1 3 2 3 1 3 2 2 3 4 4 3 1 1 1 3 2 3 3 2 2 4 2 4 2 2 1 2 1 1 2 2 2 1 1 4 3 3 1 3 2 1 3 4 2 1 2 4 1 2 3 4 3 1 2 4 1 3 2 4 2 2 2 3 1 1 3 1 1 3 4 4 2 3 4 1 1 1 3 3 1 1 3 4 3 1 4 4 3 4 1 3 4 4 1 2 2 3 2 4 2 2 2 1 1 2 3 3 4 3 3 1 4 1 3 4 2 1 3 4 1 1 3 3 3 4 4 4 4 4 2 2 1 1 4 2 4 4 1 3 1 3 2 4 4 1 4 3 4 1 3 4 3 4 2 4 3 2 1 3 1 4 1 4 3 3 4 3 3 4 1 3 2 1 4 1 3 3 4 1 4 4 4 4 1 2 1 2 3 1 2 4 3 2 1 4 4 1 1 4 2 4 3 1 4 4 2 1 3 3 2 2 3 2 3 4 3 2 1 1 4 2 3 4 3 3 2 4 4 2 3 1 1 1 4 3 2 4 3 3 4 2 3 2 1 1 3 1 1 2 4 1 2 4 2 2 1 2 2 3 2 3 3 3 3 2 3 3 2 2 3 2 4 4 1 2 2 2 4 1 2 2 1 2 1 4 1 1 4 4 3 4 3 3 4 4 2 4 4 4 2 2 3 4 2 4 3 4 2 4 3 2 3 3 4 4 1 1 4 3 1 4 1 1 4 3 2 2 4 2 3 2 3 3 1 4 1 2 1 1 1 4 3 2 4 1 2 4 1 4 1 3 1 3 2 1 3 3 2 3 1 1 1 4 1 2 4 1 2 4 4 2 2 1 4 3 1 3 2 4 3 1 2 1 2 1 4 4 4 2 3 1 3 4 2 4 4 2 1 1 1 4 3 1 2 1 3 3 1 2 4 2 1 3 2 4 4 1 2 2 1 1 1 3 1 4 4 1 3 4 2 3 1 2 2 4 1 4 3 4 2 1 1 4 4 2 2 2 1 4 1 3 4 3 1 4 2 1 1 3 4 3 2 3 4 3 2 1 3 3 4 1 2 1 4 4 4 4 1 2 3 1 3 3 2 1 2 2 3 2 4 2 1 4 2 1 4 2 2 2 4 2 3 2 2 1 1 4 4 2 3 1 4 1 3 2 4 3 4 4 4 4 1 3 3
399
1 1 2 1 2 1 3 4 3 2 2 2 1 2 2 3 4 1 2 3 2 4 3 4 3 2 1 2 1 4 2 3 3 4 2 1 3 4 1 2 4 3 2 4 3 1 4 1 1 3 2 4 2 2 2 4 4 4 1 1 3 2 1 1 4 4 4 4 4 2 2 3 2 4 1 2 3 1 3 4 1 3 3 3 2 2 3 4 2 2 2 4 4 2 2 4 1 2 4 2 1 3 2 4 2 1 4 4 2 2 3 1 4 2 3 1 2 1 4 4 2 4 2 4 2 2 3 1 1 2 1 2 2 3 1 1 3 3 3 4 3 4 3 4 3 2 4 2 3 4 3 3 3 2 2 4 3 3 1 3 4 1 4 1 4 2 2 1 2 4 2 3 2 3 1 4 1 4 3 1 4 1 1 2 1 4 2 2 3 2 4 3 3 1 1 3 2 4 3 4 1 1 1 4 3 3 3 2 2 1 4 3 1 2 1 4 4 3 1 3 4 2 3 1 1 4 4 3 1 1 2 3 2 2 4 1 3 4 2 1 3 3 3 3 3 2 1 2 1 1 1 1 4 2 4 4 2 1 1 1 4 1 4 2 1 4 2 2 1 2 2 2 3 4 3 2 1 4 3 4 3 3 4 4 2 4 1 4 3 3 3 3 3 4 1 4 4 1 4 4 1 1 3 4 2 3 2 4 3 2 4 1 2 2 3 3 3 3 3 3 3 4 4 2 2 3 4 2 1 3 2 3 4 2 4 4 1 4 2 4 1 3 4 1 3 4 2 3 2 3 2 2 2 3 2 4 2 4 2 4 4 4 4 2 1 3 2 2 3 2 4 2 4 3 3 2 1 3 1 4 3 4 2 4 4 4 2 1 2 1 4 1 3 2 1 2 1 1 2
185
4 3 4 3 3 2 1 1 4 2 3 1 3 2 2 3 2 3 3 1 2 4 4 1 4 4 3 2 2 1 1 2 4 2 1 3 3 4 1 1 1 4 1 2 4 1 4 3 3 4 3 3 3 3 2 1 3 1 4 3 2 2 2 4 4 3 1 1 3 1 4 4 3 3 4 4 1 1 2 1 4 3 4 3 4 4 4 1 2 3 1 4 4 3 4 4 3 2 2 2 3 1 2 2 2 2 2 3 3 2 1 1 4 4 3 2 1 1 4 4 3 1 2 2 1 2 2 1 2 4 1 1 3 4 3 4 2 1 3 2 4 4 1 2 3 3 4 4 3 1 4 3 1 3 3 1 4 2 1 4 4 3 2 3 4 3 3 2 4 4 1 2 3 3 1 4 1 4 3 4 4 4 2 1 1
409
3 4 1 3 1 4 1 4 4 4 1 4 1 3 3 3 2 2 4 4 3 1 3 3 3 3 3 1 3 3 1 3 3 3 1 4 2 2 1 3 1 3 2 4 3 3 4 2 3 3 4 1 1 2 4 1 2 4 1 2 2 4 4 1 3 4 3 3 4 2 1 1 3 4 4 4 3 4 2 1 4 1 2 4 4 2 4 4 2 4 4 2 1 2 3 3 3 4 3 3 2 3 4 4 3 4 2 2 2 3 1 1 1 3 2 3 4 3 4 2 4 3 3 1 2 2 4 2 3 2 1 4 2 2 2 2 1 3 4 4 3 3 1 4 2 2 1 4 4 1 3 1 4 4 3 4 2 2 2 4 3 4 2 3 2 2 4 1 1 1 3 1 4 2 3 3 2 1 2 2 2 1 1 3 2 3 2 1 1 2 1 2 2 2 1 2 3 4 1 3 3 4 2 4 3 4 2 3 3 1 1 4 4 3 3 3 1 1 3 1 3 1 2 1 1 1 3 2 4 3 1 3 2 3 1 3 1 2 2 2 3 1 3 4 3 2 4 4 2 2 3 4 3 4 4 3 4 1 2 3 3 4 1 1 3 4 1 1 2 4 4 2 2 2 2 1 3 3 4 4 1 1 4 3 3 2 3 2 3 1 4 2 2 3 3 4 2 3 1 2 2 1 3 1 2 3 1 3 4 1 4 2 2 3 1 4 1 4 4 1 1 2 1 1 2 3 2 2 3 1 1 2 1 2 3 1 2 1 1 2 2 1 2 2 1 3 2 1 2 2 2 3 4 3 3 2 3 1 3 2 2 2 1 1 2 2 1 1 1 4 4 2 4 3 1 4 1 2 4 4 2 3 1 2 2 1 4 3 1 4 4 4 2 1 2 3 2 2 4 4 4 3 1 3 3 2 2 4 4
196
2 3 4 4 2 1 4 3 4 2 3 1 4 4 4 3 3 4 1 1 4 4 3 3 1 1 3 2 3 2 4 4 4 4 2 4 3 4 2 2 1 2 3 3 4 3 4 3 1 4 3 4 1 4 2 3 2 4 4 4 3 2 2 3 2 1 2 4 3 3 4 2 1 2 3 3 2 3 2 2 2 4 4 3 4 4 4 4 2 1 1 4 2 1 2 4 1 1 1 3 3 2 1 2 3 4 4 4 4 1 2 4 4 2 3 1 4 4 3 1 1 2 4 1 1 1 3 4 1 4 3 2 1 1 2 2 4 3 2 3 2 1 3 4 3 4 1 3 2 4 1 3 1 1 3 4 3 3 3 2 4 2 4 4 4 4 3 4 3 3 4 4 2 4 3 3 1 4 3 4 1 4 3 1 4 4 3 4 1 4 4 3 4 3 3 2
576
3 4 1 4 4 4 2 2 4 4 4 4 4 2 1 1 1 1 4 2 1 4 2 1 2 3 2 4 3 1 4 2 2 1 4 3 2 4 2 2 3 3 3 4 2 1 1 2 1 2 4 1 2 2 2 1 3 4 4 4 2 3 1 1 2 2 3 1 1 1 3 4 3 3 2 3 4 3 1 1 1 4 4 3 1 4 3 1 1 2 1 1 4 3 2 2 1 2 2 1 2 3 2 2 2 2 3 3 4 3 4 1 2 1 1 4 1 3 2 3 2 3 4 2 2 1 2 3 4 2 2 4 3 2 3 4 3 2 2 3 4 2 4 2 2 2 2 2 1 3 2 1 1 1 2 4 2 3 2 2 4 2 3 4 1 1 4 4 1 4 4 4 3 4 2 1 3 3 4 3 3 4 4 2 2 1 2 1 1 3 1 3 4 2 4 3 1 2 4 4 2 4 1 1 1 1 4 1 3 4 3 2 2 2 3 3 4 3 1 3 4 2 4 4 3 1 2 1 1 3 1 3 1 2 4 2 2 1 2 2 4 4 2 4 2 1 4 3 1 3 2 2 1 4 3 3 3 1 4 4 3 1 4 2 2 2 1 4 2 3 3 1 1 1 1 4 3 4 2 2 4 4 2 4 2 1 1 3 3 4 3 2 1 4 4 4 1 3 2 1 1 4 4 1 2 1 1 2 1 4 2 4 1 4 1 3 1 1 3 1 2 3 2 3 1 3 2 1 2 2 4 3 3 4 1 2 2 1 2 2 1 1 4 2 1 1 2 3 4 3 4 4 2 2 2 1 1 3 1 1 1 3 2 2 1 3 1 4 3 4 3 1 1 3 3 3 2 4 1 2 2 4 4 4 2 1 3 2 3 1 2 1 3 2 2 1 1 1 4 4 4 4 1 2 2 2 4 4 1 4 4 2 3 1 1 2 2 3 4 1 2 3 1 4 2 3 4 4 4 1 3 1 1 3 3 1 4 1 2 3 2 3 4 2 2 3 1 4 2 1 1 3 2 1 1 2 3 1 1 3 3 4 2 4 2 2 2 3 4 1 2 2 2 3 4 3 1 1 4 1 3 3 4 3 3 1 2 4 3 2 1 3 4 2 4 4 4 1 2 3 4 2 3 1 3 2 2 4 3 2 3 2 3 1 2 1 1 2 1 1 4 4 3 3 1 3 2 1 1 4 2 1 2 4 2 2 3 2 2 1 4 1 2 1 3 3 2 1 4 3 2 2 4 4 4 3 4 3 3 3 2 3 3 2 4 3 3 3 4 3 1 2 1 3 4 1
491
1 2 4 4 1 4 1 1 2 3 4 3 2 4 3 4 1 4 1 4 2 1 4 4 3 3 4 4 4 2 2 4 2 2 1 1 4 4 4 1 1 1 1 1 3 1 4 1 4 1 2 1 3 4 3 1 1 3 2 2 4 3 1 4 3 3 1 4 3 2 2 3 2 1 2 1 3 1 2 2 2 4 2 3 4 1 2 1 4 1 1 3 2 4 1 1 4 1 2 3 4 1 4 2 2 4 3 1 2 1 2 4 4 3 4 2 2 4 4 3 1 3 3 4 4 4 2 1 1 3 2 3 1 1 1 4 3 2 1 4 4 4 3 2 1 2 4 1 4 4 2 3 4 2 2 3 4 4 1 2 1 2 1 1 3 3 1 4 1 2 3 2 4 2 1 3 3 2 2 2 4 2 3 1 4 1 2 2 3 4 1 3 2 1 1 3 2 3 1 2 2 1 2 3 4 1 1 1 4 3 3 1 4 2 3 1 3 2 1 3 1 3 2 3 2 1 4 3 2 4 3 2 4 2 1 3 2 3 2 3 1 4 2 4 1 3 3 3 3 1 1 4 1 1 4 4 2 1 2 4 3 3 1 4 1 2 4 2 3 4 4 1 2 1 4 4 3 1 1 3 1 3 1 4 1 4 4 1 2 2 1 1 4 3 3 4 3 4 3 1 3 1 3 3 3 4 3 1 2 2 3 1 1 4 2 2 3 1 2 2 2 4 3 4 2 1 4 3 3 1 3 2 2 2 4 4 3 3 2 3 2 3 1 1 3 3 3 4 4 3 4 3 1 2 3 4 1 1 4 3 4 4 3 2 3 2 2 3 4 2 2 3 2 2 2 4 3 1 4 1 4 4 4 4 4 4 2 1 1 2 3 1 4 2 3 2 3 1 2 1 4 2 1 3 3 3 2 4 4 1 2 1 2 4 1 1 3 4 3 3 2 4 2 2 1 3 4 4 2 1 3 3 4 2 2 1 1 2 1 3 3 4 4 4 4 4 3 2 2 3 2 2 3 4 4 4 4 2 1 2 4 3 1 1 4 3 1 3 4 2 4 3 4 2 2 2 4 4 3 4 1 4 3 2 1 2 1 1 1 4 2
366
1 2 4 3 3 1 3 3 4 3 2 2 3 2 4 3 3 3 4 1 4 1 3 3 1 1 2 3 4 4 4 2 4 4 1 2 3 3 2 3 4 2 3 2 4 4 3 3 1 2 3 2 2 2 1 1 4 2 2 4 4 3 2 1 3 1 3 4 2 2 1 1 2 3 4 1 2 1 2 3 2 4 2 4 4 4 2 4 1 1 1 3 3 4 4 2 4 2 2 3 1 1 1 4 4 1 3 2 3 1 1 1 2 2 3 1 2 3 4 1 3 1 4 3 3 4 3 3 4 3 3 1 4 1 4 4 3 1 3 4 1 3 1 2 4 3 2 3 4 2 1 2 1 2 2 2 1 3 2 3 3 3 1 4 3 2 1 1 2 2 1 1 1 4 1 3 1 4 1 1 1 2 1 1 4 1 3 3 1 4 1 2 4 3 4 2 1 3 1 3 3 1 3 4 2 4 1 2 1 4 2 2 3 2 2 4 4 2 3 2 2 4 4 4 1 2 1 1 4 4 3 2 4 1 4 1 2 2 2 1 4 1 4 4 4 3 2 1 1 4 3 3 2 2 4 1 4 1 2 4 2 2 3 2 2 3 1 4 3 2 3 2 2 4 4 2 1 4 1 2 2 4 2 2 3 3 4 1 2 3 2 3 4 1 1 3 1 3 1 1 2 1 4 3 2 3 1 4 2 2 1 1 1 1 1 3 2 2 1 1 3 1 2 2 1 4 2 1 1 4 4 1 3 3 2 3 1 2 3 2 3 1 4 1 4 4 2 2 3 4 1 3 2 3 4 1 3 4 1 1 2 3 2 2 2 3
28
2 3 1 2 4 3 4 1 2 4 1 3 4 2 1 2 4 1 4 3 4 4 4 2 1 3 3 4
217
3 2 2 4 4 2 3 2 3 3 1 4 1 3 4 3 2 4 4 1 2 1 4 3 1 1 2 2 1 1 1 3 1 3 1 4 4 4 1 4 3 4 3 3 2 2 4 4 4 1 1 4 2 1 1 2 2 3 4 1 1 4 1 2 1 3 3 4 2 1 1 2 3 4 3 3 1 4 3 4 4 1 3 3 1 1 1 1 3 1 4 4 4 1 1 3 3 1 2 4 4 1 2 4 3 2 2 4 4 2 1 1 2 4 2 4 3 4 1 4 4 4 3 1 1 4 4 3 3 2 2 2 4 2 4 3 3 4 2 2 4 3 3 1 2 1 4 1 3 3 3 4 4 3 4 3 2 4 2 1 1 2 2 3 3 1 3 1 2 2 1 1 1 4 3 3 4 1 3 1 3 2 2 3 1 2 3 1 1 1 4 4 4 4 2 3 4 1 4 3 1 1 3 1 3 4 4 2 3 4 2 3 1 4 2 3 1
663
1 1 4 1 1 2 1 1 2 2 1 3 2 2 4 1 3 3 1 1 3 4 4 1 2 1 2 1 4 2 1 4 1 2 4 1 1 2 4 4 3 1 4 2 1 1 3 1 1 1 1 3 2 4 3 4 2 2 2 2 3 2 4 1 3 4 1 4 4 4 1 2 4 2 3 4 2 3 1 1 1 4 1 3 4 2 4 2 2 2 4 3 3 2 4 3 3 3 2 4 3 4 4 2 1 3 4 1 4 2 4 3 4 1 2 1 2 2 3 3 3 1 2 3 1 1 3 2 2 3 4 1 1 2 1 1 3 2 3 2 3 1 2 1 1 3 3 4 3 4 3 2 3 3 2 3 3 1 2 1 3 4 4 4 3 2 3 3 1 1 2 3 3 3 4 3 4 1 2 1 3 4 1 4 4 4 1 3 4 1 1 4 3 2 4 1 4 4 3 3 3 3 3 3 1 2 2 2 1 1 1 3 2 2 1 4 2 1 3 2 1 1 4 1 1 2 4 3 4 4 1 2 2 3 4 3 4 1 4 2 1 2 2 3 1 2 3 3 4 4 3 4 4 1 2 1 1 2 2 2 3 2 1 3 1 3 3 2 1 4 1 2 4 3 3 1 3 1 3 1 2 2 3 2 4 1 1 3 3 3 4 4 2 3 2 2 4 2 1 1 3 3 2 2 4 2 4 4 1 1 4 1 4 4 1 4 2 1 3 1 4 2 4 2 4 1 2 1 3 4 1 4 2 3 3 3 3 2 3 4 1 3 4 3 3 4 2 1 4 1 1 3 3 1 4 3 1 1 3 2 3 1 1 2 2 2 4 1 4 3 2 3 1 4 1 1 2 4 2 2 4 1 3 2 4 2 4 1 2 4 2 1 3 1 3 3 4 1 1 4 4 1 3 2 1 2 4 4 1 2 1 2 2 2 4 2 4 3 2 4 2 4 3 3 4 4 4 4 3 4 2 3 1 1 4 4 3 3 4 3 1 4 2 2 1 2 2 2 2 2 1 1 1 3 1 4 1 2 4 1 3 4 2 2 1 1 2 3 1 2 3 3 1 1 3 2 1 2 3 3 2 2 4 4 4 4 2 3 2 4 3 1 1 3 2 2 4 2 4 3 2 2 3 3 1 4 2 1 2 3 4 4 4 3 4 4 2 2 4 1 3 4 4 1 4 3 2 3 1 4 4 1 3 1 1 1 1 3 4 4 1 3 1 2 1 4 1 2 3 3 4 1 1 3 1 1 4 2 2 4 4 4 4 4 3 2 1 1 2 1 4 2 1 4 2 1 1 3 3 1 4 2 2 4 3 2 4 4 2 2 1 1 1 4 1 2 2 1 3 1 3 2 4 3 2 1 2 4 2 3 1 2 3 3 2 1 1 3 2 2 1 2 1 4 1 2 3 4 1 2 3 2 1 2 2 1 4 1 3 3 2 4 1 1 3 2 3 1 4 4 3 4 1 1 4 3 3 4 2 4 2 1 4
982
3 1 4 2 4 2 3 3 4 2 1 1 1 3 3 4 3 3 2 2 3 1 3 2 3 4 2 2 4 2 3 1 1 3 4 2 2 3 3 4 4 2 2 2 3 2 4 1 2 2 1 3 2 1 2 2 1 1 2 2 4 1 4 3 3 1 3 2 4 4 2 1 3 2 3 1 4 3 3 4 2 4 2 4 2 1 1 2 2 2 3 2 4 2 3 3 2 1 4 2 4 1 2 3 4 3 2 2 4 3 3 2 1 1 2 4 3 1 3 4 2 1 1 1 3 2 4 1 1 4 1 1 1 2 1 1 4 2 2 4 4 4 2 3 2 1 1 4 2 1 1 1 3 1 4 1 1 3 3 2 4 3 4 3 4 3 4 4 1 1 2 4 3 3 2 3 2 4 3 4 2 1 4 3 3 2 4 3 3 2 3 2 4 4 2 2 3 4 3 4 1 1 3 1 2 1 1 4 3 2 3 3 4 1 1 2 1 4 4 2 4 4 1 4 4 1 3 3 4 2 2 4 4 3 1 4 3 4 1 1 4 3 2 1 2 2 3 2 2 3 1 2 4 3 1 1 4 4 3 1 3 3 1 4 4 2 3 1 4 2 2 4 2 3 1 3 3 2 1 1 4 3 3 1 4 1 3 4 1 3 1 2 3 4 3 2 3 1 3 3 4 1 2 1 3 2 1 1 4 2 2 2 2 1 2 1 3 1 2 2 2 1 2 2 4 2 2 3 4 2 3 3 4 3 4 2 1 4 1 2 3 3 3 3 1 3 2 2 1 2 3 2 3 1 3 2 2 3 4 2 4 4 4 4 3 3 3 4 4 2 4 3 3 3 4 1 3 2 3 1 3 2 3 1 1 1 2 2 2 1 2 1 2 3 2 3 1 1 4 2 3 2 1 4 4 4 1 3 3 3 4 2 4 4 4 3 3 4 3 1 3 2 3 4 2 3 1 3 3 1 3 1 2 1 1 4 3 1 2 1 1 4 2 4 4 4 2 3 1 2 4 4 1 4 1 4 1 4 4 1 4 2 4 4 1 4 4 3 2 1 2 1 2 3 1 3 3 2 3 1 3 3 3 2 4 2 2 1 1 2 1 4 4 2 2 1 1 1 2 2 4 2 2 1 1 2 1 1 2 2 1 3 2 3 2 4 1 3 3 2 1 1 2 1 3 1 2 4 4 2 3 1 2 3 2 1 2 3 1 3 4 4 2 2 1 2 3 1 4 1 4 3 2 1 4 4 2 1 1 2 1 2 2 3 2 4 2 2 2 4 3 4 2 4 4 1 1 1 2 2 3 3 1 2 2 2 3 4 4 3 4 3 1 4 4 1 3 1 2 3 3 3 1 2 2 2 4 2 4 2 1 3 4 1 1 4 4 4 2 2 2 3 2 2 2 2 1 2 2 2 1 2 4 3 4 1 3 2 1 1 4 2 3 3 2 3 2 4 4 4 3 1 2 1 2 4 3 3 1 3 2 3 4 4 2 4 4 2 2 1 1 3 1 2 3 3 2 1 2 4 3 4 4 2 2 2 3 4 1 3 4 3 3 4 4 3 3 2 4 1 1 1 2 4 1 4 2 2 2 3 2 4 4 2 2 4 2 4 2 3 3 2 1 3 1 1 2 3 2 1 2 1 3 4 1 3 2 2 4 1 4 2 2 1 3 4 1 4 4 1 3 1 1 4 2 3 1 2 1 4 4 1 4 3 4 4 2 1 4 2 4 3 4 4 1 3 1 4 4 2 2 3 2 1 3 1 1 2 2 4 4 4 4 2 3 2 1 3 1 1 1 2 4 1 4 2 1 1 1 1 1 1 4 4 3 3 2 1 3 1 4 1 2 2 2 4 3 3 1 3 1 4 3 1 2 3 3 1 4 4 3 2 2 1 4 3 1 4 1 1 4 3 4 2 4 4 2 4 4 1 4 2 4 1 1 3 3 4 2 3 3 3 4 1 4 3 4 3 2 4 1 3 3 1 1 4 2 3 1 4 1 1 2 3 4 1 4 3 3 4 3 2 2 3 2 1 3 3 3 2 4 2 4 4 1 2 3 2 4 2 2 1 3 3 4 2 2 4 3 3 2 4 4 4 1 3 4 2 3 4 2 3 4 3 4 1 3 3 3 3 2 1 1 4 3 2 2 3 2 1 2 2 4 4 4 3 3 4 3 4 3 3 4 2 1 3 1 4 3 4 4 1
215
2 3 3 3 2 2 2 3 1 1 4 4 3 4 2 2 2 1 3 1 4 1 3 1 4 1 3 1 4 2 3 4 3 3 4 3 1 2 3 3 3 1 1 3 2 2 1 4 4 1 3 3 2 1 2 2 1 2 1 3 4 2 4 1 4 1 2 1 4 1 2 4 4 1 2 1 1 1 3 2 3 4 4 2 1 1 3 1 4 4 1 4 3 3 2 2 2 2 4 3 2 3 3 3 3 2 1 2 3 2 2 3 2 4 2 2 3 4 2 2 2 1 1 3 2 1 4 3 4 1 4 2 1 1 2 4 1 3 3 2 4 4 1 1 2 3 2 2 1 3 4 1 2 3 4 1 4 4 2 3 4 2 1 2 1 2 3 3 1 4 4 4 1 3 4 2 2 1 2 4 1 1 3 2 1 1 2 2 2 1 4 3 3 1 3 3 3 3 3 3 1 1 1 2 2 3 3 3 3 4 4 2 3 2 4
272
2 4 3 1 3 3 3 4 3 3 2 1 3 2 4 1 2 3 4 2 2 1 3 4 1 2 2 1 3 2 4 4 2 3 3 4 4 3 1 3 4 3 2 3 4 1 4 1 2 1 3 1 2 4 2 1 3 3 2 1 4 2 1 2 4 2 2 1 1 3 3 3 2 2 3 3 3 4 1 3 1 3 4 2 2 1 1 2 1 1 2 2 2 1 1 2 1 1 4 1 1 1 1 3 3 3 1 3 3 1 1 3 2 2 1 3 4 2 4 2 1 2 4 3 2 3 2 4 1 1 1 4 1 1 4 2 2 2 4 4 1 2 2 1 2 4 1 2 3 1 4 3 4 2 3 1 4 4 2 3 3 1 1 2 4 1 2 1 1 3 4 1 4 3 2 4 1 4 4 4 1 2 3 3 1 3 2 4 3 1 4 4 4 1 1 3 3 3 1 4 1 3 2 4 1 2 4 1 2 3 1 1 3 3 3 3 2 3 3 4 4 2 4 3 3 2 3 2 1 3 3 3 1 1 4 3 4 1 4 4 1 3 2 1 4 2 3 2 3 1 1 1 2 1 1 4 1 3 4 4 3 3 2 2 1 1 4 3 4 3 2 1
791
3 2 4 1 3 2 2 1 2 4 3 2 4 1 3 1 1 1 1 1 1 1 4 3 4 4 4 1 1 2 4 4 4 1 1 1 4 2 1 4 1 4 1 3 2 3 4 4 2 4 1 2 1 3 2 1 1 2 2 1 2 4 4 3 1 3 1 1 3 2 4 3 2 1 4 2 4 3 2 2 4 3 3 2 1 2 4 3 4 4 1 2 2 4 2 1 2 1 4 4 3 2 3 2 1 4 4 3 4 1 2 2 2 1 1 3 3 1 2 2 2 4 4 4 1 2 2 1 3 1 2 3 1 1 2 3 3 3 1 1 1 2 4 4 1 2 1 2 2 4 4 1 2 1 4 4 4 2 4 4 1 4 3 2 4 1 4 3 3 3 2 1 4 4 4 2 4 1 4 2 3 3 1 2 4 3 1 1 2 4 4 2 3 2 2 4 4 2 3 1 1 4 1 2 3 4 1 1 3 4 2 1 4 2 2 2 4 2 3 4 3 1 1 2 1 4 1 1 1 2 1 3 2 3 4 1 1 3 1 4 3 2 3 3 4 1 4 3 3 1 2 1 4 3 1 4 4 4 2 3 4 2 3 1 1 2 4 1 2 3 2 1 2 3 2 1 4 4 4 1 4 2 1 3 4 4 2 2 3 4 2 4 4 2 1 4 2 3 1 3 3 2 1 4 3 3 1 3 2 4 1 4 4 1 1 3 3 2 1 1 2 2 4 4 2 2 2 4 2 4 3 3 3 2 2 2 3 2 2 4 1 3 2 2 2 4 2 4 2 3 1 4 2 4 2 4 4 3 4 4 4 3 1 4 2 1 4 3 4 1 2 1 1 2 2 2 2 4 4 3 4 1 4 4 2 1 2 3 4 3 1 1 4 3 4 2 1 1 1 2 1 2 4 1 3 2 2 2 4 1 3 3 1 2 4 4 2 1 1 2 2 4 2 2 3 4 1 3 3 4 3 3 2 2 2 1 2 1 2 3 1 4 2 1 2 1 2 2 3 3 3 1 4 4 3 4 4 2 1 4 4 1 3 4 4 2 2 4 2 1 2 4 4 3 3 1 2 2 2 2 3 1 4 3 4 1 4 2 3 4 3 4 4 4 1 3 2 4 1 3 4 1 2 1 1 3 4 2 1 1 4 1 1 2 4 1 2 1 4 1 4 4 2 1 4 1 1 4 4 1 3 2 3 4 1 4 1 1 2 1 3 1 4 3 2 2 2 2 4 2 1 1 4 2 1 3 3 4 2 4 3 2 4 4 3 4 4 2 3 3 1 1 1 4 1 3 4 1 3 3 4 3 1 1 2 4 1 3 2 1 2 2 2 2 4 1 1 4 3 2 3 3 4 3 2 2 4 2 2 4 3 3 1 4 1 2 3 3 2 1 4 4 3 4 1 4 2 3 3 4 2 2 2 4 1 2 3 1 2 4 4 1 2 3 4 1 4 3 1 3 4 4 1 1 2 3 1 2 4 3 4 4 1 2 3 2 2 3 3 2 4 3 3 1 4 3 4 2 4 1 3 4 3 4 1 4 2 1 1 3 4 4 1 4 3 3 2 4 4 1 2 1 1 2 2 4 4 2 1 3 3 3 2 3 2 3 1 2 1 2 1 3 2 4 4 4 1 1 3 4 3 1 4 3 4 3 2 3 3 1 3 4 3 2 4 2 2 2 4 1 1 1 1 2 4 3 4 4 4 3 3 1 2 3 2 2 4 3 1 4 2 3 3 1 2 2 4 3 3 4 2 2 4 3 2 4 1 2 2 4 1
170
1 3 3 2 3 3 2 1 1 1 2 1 4 2 4 2 2 4 1 3 4 2 4 4 3 1 4 1 4 4 3 1 2 2 4 3 3 3 2 1 2 4 2 2 3 3 3 2 3 3 4 3 1 3 2 3 1 1 2 3 4 1 1 1 1 2 2 1 3 1 4 1 2 3 1 3 2 1 1 4 1 2 3 1 1 3 1 4 3 4 3 4 2 1 2 2 2 4 1 1 2 4 3 3 3 1 2 4 3 2 4 1 3 3 4 1 1 1 3 1 1 2 3 2 4 1 3 3 1 2 1 2 4 2 1 3 4 2 2 4 2 4 2 4 2 1 1 2 4 1 2 3 3 4 1 3 4 2 4 4 3 1 1 1 2 2 4 2 2 1
769
3 1 1 4 2 4 4 3 1 2 2 3 4 2 4 3 3 2 3 1 3 3 2 2 2 2 4 1 4 4 4 3 3 2 3 1 2 4 4 1 1 4 2 2 4 1 3 3 3 4 3 2 1 1 3 4 4 3 3 3 4 2 2 3 1 1 1 3 2 3 1 1 3 4 4 3 3 4 2 2 2 4 4 2 1 2 2 3 4 2 1 4 2 4 3 3 4 4 2 4 2 4 3 1 3 1 4 1 4 4 4 4 2 1 1 2 4 1 1 3 1 1 1 3 4 3 3 1 1 1 4 1 4 3 2 2 4 4 2 1 3 4 4 4 4 4 1 2 1 2 2 4 4 3 3 3 3 2 3 2 3 3 2 2 1 4 2 4 2 3 2 4 1 4 4 4 2 4 2 2 2 2 4 1 4 1 4 1 2 2 1 2 4 3 4 3 4 4 3 3 2 1 4 3 2 1 3 2 4 1 3 2 3 4 2 3 2 1 2 1 3 2 2 1 4 4 2 3 2 2 2 3 4 2 1 1 1 2 4 3 1 4 4 1 1 4 2 2 1 1 2 2 2 2 2 2 1 2 4 4 2 2 1 3 3 3 3 1 3 3 1 3 2 3 1 4 4 3 3 2 2 1 4 2 4 2 2 2 4 1 2 4 2 1 1 4 4 3 3 2 3 4 1 2 3 1 3 4 3 3 1 3 1 3 1 3 1 3 4 1 3 2 4 4 2 2 3 2 2 3 2 1 2 2 4 3 3 3 4 2 3 3 4 4 1 1 3 2 4 4 2 3 2 4 2 4 3 1 1 1 2 1 2 2 4 4 2 3 2 3 1 1 3 4 4 3 3 3 4 3 2 1 3 4 1 4 1 3 1 3 1 1 4 3 1 1 4 3 3 2 2 4 2 4 4 4 1 2 2 3 2 2 2 3 2 4 3 4 3 3 3 3 2 1 3 4 2 2 2 1 4 4 4 2 4 2 2 2 3 1 3 3 3 2 1 4 1 2 4 2 1 2 2 1 3 3 4 1 4 4 3 1 3 1 3 2 1 4 4 2 3 2 2 3 2 1 2 3 3 3 1 2 4 1 1 2 2 1 2 1 1 1 3 4 1 1 4 3 3 2 2 1 3 4 2 1 3 1 2 1 4 3 2 2 2 4 1 1 2 4 2 4 4 3 1 4 3 3 2 1 4 4 2 2 4 2 3 3 1 3 1 4 3 2 2 4 1 3 1 2 3 3 3 3 1 3 2 4 3 4 3 1 2 2 1 1 3 1 2 4 2 3 2 3 2 3 2 4 4 1 2 1 1 4 2 1 4 4 1 4 3 4 3 2 4 3 2 3 2 1 3 1 1 4 2 3 4 4 1 4 2 4 4 3 4 1 2 2 1 4 3 1 1 3 3 4 1 4 2 3 3 2 1 1 2 4 4 3 2 3 4 2 1 2 2 3 4 4 4 2 4 1 4 2 3 1 3 3 3 1 4 1 1 3 1 4 1 1 1 3 2 1 2 1 4 4 1 2 1 2 4 2 1 4 3 3 3 1 2 4 1 2 2 2 3 2 2 2 3 4 4 3 1 2 4 2 3 1 4 3 4 2 1 1 4 1 1 4 3 4 1 3 3 3 4 1 3 1 1 4 2 1 2 4 3 1 2 4 2 3 4 2 3 3 4 4 1 4 1 2 2 2 3 2 1 3 3 2 4 1 2 1 3 4 2 1 1 4 3
643
1 4 4 3 3 4 4 1 4 1 4 1 4 3 1 3 3 3 3 2 2 2 4 1 2 4 1 2 1 1 4 3 4 2 1 3 1 3 2 2 2 3 1 3 1 3 3 1 1 4 3 3 1 3 3 1 4 2 3 4 4 1 4 1 3 3 3 1 3 2 1 3 1 3 1 2 1 1 4 4 3 3 4 4 1 2 4 4 3 2 3 2 3 4 4 4 3 3 1 1 3 1 2 2 3 1 3 1 4 3 4 1 2 3 1 2 2 1 3 2 1 4 2 4 1 2 3 1 2 4 3 4 3 2 1 1 2 1 4 1 2 3 4 3 4 3 3 3 4 1 3 4 4 4 3 3 1 2 2 2 1 4 3 1 1 4 1 4 4 3 4 4 3 2 4 3 2 2 2 2 3 2 1 1 2 2 3 2 1 2 4 1 1 1 2 4 4 2 2 1 4 2 2 4 3 3 3 3 1 1 1 3 4 4 1 1 2 1 1 1 4 4 2 2 4 1 3 1 4 1 1 2 1 3 3 1 3 4 2 1 3 4 4 3 1 2 2 1 4 2 2 1 2 1 4 3 4 1 3 1 4 1 2 2 1 2 2 1 1 3 1 1 2 3 1 1 3 2 4 4 3 1 2 4 2 1 1 2 3 4 1 4 2 2 4 2 3 3 4 2 3 2 3 1 1 2 1 1 3 2 4 2 1 2 4 1 2 3 2 2 3 4 3 4 1 3 4 1 3 2 4 4 3 3 4 3 3 4 3 4 3 3 2 3 1 1 1 1 1 1 2 4 3 3 1 3 1 1 2 3 1 3 3 1 3 2 1 2 2 2 4 1 1 4 1 4 3 1 4 2 4 1 2 3 2 2 1 4 3 1 1 4 1 1 1 3 1 1 2 3 1 4 3 4 3 3 2 4 3 3 2 3 1 4 2 3 2 1 4 3 1 1 1 1 3 1 1 2 3 2 2 1 4 2 2 2 3 2 4 4 1 3 2 4 1 2 1 1 2 4 4 1 4 1 4 1 3 3 3 4 4 3 2 4 3 4 1 2 4 3 4 3 2 1 1 2 4 2 3 4 2 2 1 1 4 3 3 1 2 3 1 3 4 2 1 4 2 1 1 4 2 4 2 1 4 1 3 4 3 2 1 4 2 1 3 4 2 1 4 4 2 4 4 2 2 4 4 2 1 2 2 1 1 1 1 2 4 2 3 3 4 4 3 1 2 3 1 4 4 1 3 2 4 4 3 2 4 4 3 1 4 4 3 4 1 4 1 3 3 2 1 1 4 1 4 4 2 1 3 3 3 1 4 3 1 1 4 2 1 4 1 2 3 4 1 1 2 4 3 3 3 3 2 4 4 1 1 4 3 3 2 1 4 2 2 4 3 4 3 2 1 2 2 4 2 1 3 4 4 4 3 2 2 2 2 4 3 4 1 1 3 4 2
548
2 3 1 4 4 1 1 2 1 3 3 3 2 2 2 2 3 1 4 1 2 2 4 3 4 1 1 4 3 2 2 2 4 2 2 3 2 3 2 3 3 3 4 3 1 2 2 2 3 3 3 3 1 1 1 3 1 2 1 4 4 3 3 2 4 1 1 1 3 4 1 4 4 2 4 1 4 2 2 4 4 1 4 4 2 1 1 3 1 1 4 2 4 4 4 1 1 1 1 3 2 2 2 2 4 3 4 4 4 2 2 1 3 1 2 1 4 3 3 4 4 3 2 4 1 1 2 2 3 2 3 1 3 2 3 3 4 4 4 4 4 2 4 4 2 1 1 4 1 3 3 1 2 4 1 4 1 2 4 1 2 4 2 1 1 4 1 1 2 3 2 2 3 2 1 2 3 2 2 4 4 1 2 2 2 3 2 1 2 2 3 3 2 2 3 1 2 4 3 4 4 1 1 1 3 1 4 1 4 4 1 2 1 1 4 3 3 2 4 4 3 3 3 2 3 2 1 4 1 1 3 2 4 2 3 1 3 4 2 3 3 3 1 4 4 2 4 1 2 3 4 4 4 3 3 1 1 2 1 3 2 1 1 1 4 1 1 2 2 3 2 3 2 3 3 1 1 2 3 3 4 3 1 1 4 3 4 1 4 3 3 4 2 2 2 1 2 4 2 1 2 2 2 2 3 3 2 2 4 3 4 2 1 2 1 4 1 2 1 4 4 1 2 2 3 1 2 4 4 1 3 1 2 1 2 3 1 4 3 1 2 1 4 4 1 3 4 4 2 2 3 1 2 3 3 2 2 2 4 4 1 1 3 3 2 3 3 2 4 2 2 4 1 2 3 4 1 4 4 1 3 1 1 4 4 3 1 2 3 4 1 4 1 4 3 2 2 1 1 4 3 1 2 3 2 1 4 3 3 3 2 3 4 1 4 2 3 3 1 1 3 4 4 1 4 2 2 2 3 4 3 4 4 1 3 1 2 1 3 3 4 1 4 3 2 4 4 2 4 4 2 3 4 3 2 2 2 2 1 3 3 1 2 2 2 1 3 2 3 3 2 3 1 2 2 4 3 2 4 4 1 2 1 1 4 3 3 3 3 1 4 2 3 3 1 2 2 2 3 2 3 3 2 3 1 2 4 2 4 1 4 1 4 4 2 2 1 1 2 4 3 4 2 2 3 1 1 1 2 4 2 1 4 1 2 3 3 4 1 2 1 3 1 4 4 4 4 2
941
4 3 2 2 1 4 3 4 2 2 2 3 3 1 4 4 4 4 4 1 2 1 3 3 2 3 1 4 4 3 2 2 2 3 4 1 4 1 2 4 3 3 2 1 3 3 3 2 2 4 2 2 2 1 1 4 4 2 1 2 1 1 1 2 1 2 2 2 3 2 2 1 4 4 3 4 4 2 4 1 1 3 3 2 1 1 1 2 2 4 2 1 3 3 3 4 2 3 1 2 4 2 3 1 1 3 3 1 1 2 1 3 2 4 1 1 2 4 2 4 3 4 3 1 2 4 4 4 1 3 4 2 4 2 2 2 2 1 2 2 3 4 1 3 4 1 3 3 3 3 4 1 1 4 1 2 1 2 1 2 2 2 3 4 3 2 2 3 2 1 2 1 2 4 1 1 1 3 2 4 2 1 4 3 2 4 2 4 2 1 1 2 4 3 3 2 1 1 3 3 2 4 1 4 2 1 4 1 4 4 1 4 1 3 1 1 3 2 1 3 3 2 1 4 4 2 3 2 2 4 2 4 2 1 3 1 2 4 2 3 4 4 4 3 2 4 3 3 4 3 3 3 1 1 4 4 3 4 3 2 1 2 2 1 2 2 2 3 4 4 3 3 2 3 3 1 1 1 3 4 1 1 2 4 4 1 2 2 3 1 4 1 3 4 3 2 2 3 4 2 2 2 4 2 2 4 3 2 4 2 3 2 1 4 4 3 3 2 3 2 4 4 1 3 4 1 1 3 1 1 4 1 1 2 4 2 3 3 3 3 2 2 2 4 2 4 1 2 4 2 4 1 4 2 2 3 4 2 1 4 4 4 3 2 1 3 4 4 3 1 3 2 2 2 1 3 2 4 3 3 1 2 4 1 1 2 4 3 3 2 2 1 4 3 4 4 1 1 2 1 4 2 4 1 1 1 2 1 2 4 4 4 3 1 3 4 4 1 1 2 1 2 1 2 2 3 3 3 3 2 4 3 3 1 1 2 3 4 4 3 2 1 4 3 2 1 2 4 1 2 4 4 1 2 4 4 1 3 4 3 1 3 2 4 4 3 2 3 4 2 3 1 1 3 1 2 1 2 4 3 4 2 2 2 4 1 2 1 4 4 4 4 4 3 2 2 3 3 4 2 3 4 4 4 1 1 1 3 2 1 1 3 1 1 1 2 2 4 4 2 2 2 2 3 4 4 2 3 3 2 2 1 1 1 2 2 4 4 4 1 3 2 2 2 3 2 4 1 3 2 4 4 4 4 3 2 1 2 1 1 2 3 4 3 3 2 1 1 3 3 4 3 1 4 2 3 4 2 3 3 2 4 1 1 2 2 1 2 2 2 4 2 2 3 3 4 3 3 2 3 2 3 3 3 4 4 1 1 2 4 3 1 1 1 3 3 4 2 2 4 1 3 2 1 4 2 1 4 1 3 4 2 1 3 4 4 4 1 4 2 2 1 3 1 2 2 3 1 2 1 2 2 4 3 3 2 4 3 1 3 3 3 3 4 3 4 4 2 1 4 1 1 3 4 3 1 2 3 3 2 3 2 3 2 4 3 4 1 1 2 4 1 3 2 4 3 2 2 2 1 2 1 3 2 3 2 4 3 1 3 2 4 4 2 3 2 4 1 3 2 1 1 4 2 2 1 2 2 4 4 2 1 4 3 3 1 4 3 1 1 2 2 1 2 1 4 2 4 2 1 3 1 2 2 4 2 1 4 1 1 2 3 4 3 3 2 3 2 3 2 2 2 3 2 2 4 2 2 2 3 4 3 1 2 1 1 4 1 1 2 2 4 3 2 1 1 3 3 2 2 4 4 4 1 2 4 4 2 3 4 1 2 4 1 3 1 2 3 1 3 1 3 3 3 1 2 4 4 3 2 4 3 3 4 2 4 4 3 4 4 3 3 2 3 4 2 4 3 1 3 2 1 3 4 3 2 2 2 1 4 1 2 2 2 4 2 4 2 1 1 1 2 3 3 2 1 4 4 4 2 1 2 4 1 1 1 3 1 4 3 1 2 3 4 3 3 2 4 2 3 4 2 3 4 4 3 4 4 2 4 4 3 3 4 1 1 1 1 1 4 1 1 3 4 2 3 4 3 2 4 1 3 3 3 2 2 3 4 4 4 4
541
3 3 3 4 3 3 4 1 4 3 1 3 3 4 2 4 3 4 4 2 4 2 4 4 3 4 3 1 2 1 4 3 1 4 1 3 2 1 1 4 4 2 2 1 2 1 3 3 2 4 4 3 4 4 4 4 1 3 3 3 3 3 4 4 3 4 1 4 4 1 2 3 2 2 2 4 3 2 4 3 4 2 2 3 4 1 3 4 4 1 2 2 2 2 1 2 4 2 3 4 3 1 1 2 1 1 3 4 2 1 2 1 2 1 1 1 4 2 1 3 1 3 1 1 4 3 2 1 4 1 2 2 2 4 3 4 1 1 3 4 4 1 1 4 3 3 2 2 4 1 2 2 3 2 4 4 3 4 1 2 4 3 3 3 2 2 4 1 3 4 3 1 4 2 1 1 3 3 1 1 1 3 1 4 2 1 3 4 1 2 4 1 3 3 2 3 2 3 4 3 2 4 2 3 2 4 2 3 3 1 2 3 2 1 3 2 3 3 2 1 2 2 4 1 1 1 3 1 2 3 3 3 2 4 2 1 2 3 4 3 2 1 1 3 3 1 4 4 1 2 4 2 4 2 1 2 2 1 2 2 2 2 4 4 4 3 1 3 1 3 2 4 4 3 2 2 1 1 4 1 4 1 2 4 1 4 3 2 3 3 2 1 3 4 4 4 3 3 4 2 2 4 1 3 1 3 4 4 3 3 3 1 1 3 4 3 1 3 2 2 3 3 4 3 4 1 3 3 3 3 3 2 2 2 1 4 2 1 4 4 1 1 4 2 3 2 2 2 2 2 1 1 3 1 4 3 2 1 1 2 1 3 2 2 3 1 2 2 2 1 2 2 4 2 4 1 2 1 4 1 2 3 1 1 1 1 2 2 3 4 2 4 3 3 1 3 3 1 4 2 2 3 2 3 2 2 3 1 2 4 1 1 4 1 2 2 4 4 2 4 2 3 1 3 3 3 3 1 2 3 2 3 4 4 3 3 2 1 1 4 4 3 2 2 1 4 4 1 1 4 3 4 4 4 4 4 1 3 1 3 3 1 1 2 2 2 3 2 1 2 2 2 3 3 4 3 4 4 3 2 2 2 3 2 3 1 1 2 4 3 3 1 2 1 1 2 4 2 4 2 1 3 1 4 4 2 4 1 1 1 2 4 2 3 4 3 2 4 1 2 4 3 1 4 3 1 2 4 4 1 3 2 1 4 4 2 1 1 1 3 4
35
2 4 1 1 3 3 1 3 3 3 1 4 3 4 3 3 4 4 4 1 4 4 2 3 1 3 4 4 2 2 2 2 3 1 4
822
3 1 4 4 1 3 4 4 4 4 4 1 2 1 4 4 2 4 2 1 1 3 1 4 2 2 2 2 1 4 2 1 2 2 4 1 1 2 4 4 1 1 1 1 2 3 2 1 3 4 3 2 3 4 2 3 2 2 1 3 4 4 3 1 2 2 1 1 4 1 1 1 2 2 3 2 2 3 4 3 1 1 1 2 1 4 1 3 2 2 1 2 3 2 3 4 4 4 1 4 2 4 4 1 3 4 4 4 3 1 1 4 1 2 3 2 1 3 2 2 2 3 4 1 4 2 3 1 4 4 2 2 3 2 4 2 4 2 3 3 4 1 2 3 3 4 1 4 1 2 3 2 2 1 2 2 1 3 2 4 2 3 3 3 3 4 1 3 4 1 1 3 3 1 2 4 3 2 3 2 2 4 2 2 1 3 1 3 3 1 1 1 2 1 1 3 1 1 4 3 1 1 1 4 2 4 1 3 4 2 2 2 3 2 3 1 4 2 3 2 2 2 3 4 3 1 2 2 2 2 4 4 1 1 3 2 2 4 3 4 4 4 1 2 3 4 4 1 3 2 4 1 1 3 4 1 3 4 1 4 2 2 1 1 1 2 3 1 3 1 1 3 1 1 4 1 1 1 3 1 2 2 2 2 2 3 4 4 4 1 3 1 1 2 3 2 4 3 2 1 1 1 2 4 4 1 3 2 3 2 3 1 1 2 3 4 3 4 4 1 2 1 2 1 3 2 3 3 4 1 3 3 4 1 3 4 1 3 3 3 3 2 1 1 3 3 2 3 1 2 3 1 3 4 1 1 3 1 4 4 3 3 2 1 3 3 2 1 3 4 3 3 2 2 4 1 2 1 4 3 4 2 2 2 2 1 4 3 3 4 3 1 3 2 4 4 3 3 2 4 4 3 4 2 3 2 4 1 4 3 4 4 3 4 3 1 2 4 4 1 1 2 3 2 2 1 4 1 4 1 4 2 2 1 1 4 4 1 1 1 2 2 2 2 4 3 4 3 4 3 4 1 1 4 4 3 4 2 2 2 2 4 2 1 2 2 2 1 3 3 4 2 3 1 2 1 1 4 1 2 4 3 4 1 1 1 2 1 3 2 3 1 1 4 3 3 4 1 3 1 1 2 4 2 1 1 1 1 3 2 4 4 2 3 1 3 4 2 2 2 1 3 2 1 4 2 3 2 3 2 1 4 2 3 1 2 2 2 2 2 2 2 3 4 1 4 2 1 1 2 3 4 4 1 3 2 1 2 2 4 1 2 3 3 2 1 4 3 3 3 2 4 2 3 1 1 3 1 3 2 1 3 1 1 2 3 3 3 2 3 1 4 4 1 2 4 4 1 4 3 4 4 4 4 2 2 3 1 2 4 4 2 4 2 1 3 4 2 1 2 4 2 4 2 1 2 4 4 2 2 1 4 1 2 4 4 3 3 4 3 3 1 2 1 2 1 2 4 1 2 1 2 2 2 1 2 4 2 3 4 2 2 4 1 2 1 2 1 2 1 4 3 2 1 1 3 3 4 4 2 3 2 3 3 2 4 2 3 1 1 3 2 1 1 4 1 2 4 3 4 1 1 4 1 2 4 3 4 2 2 4 4 4 2 4 1 2 3 2 3 3 1 2 4 3 4 1 2 2 4 2 4 4 2 2 1 1 1 2 4 4 4 1 1 1 3 3 4 3 4 2 2 3 1 2 4 3 3 4 3 2 1 3 4 1 1 1 3 1 1 1 3 1 2 3 3 2 1 1 4 1 3 4 2 2 3 3 4 3 1 3 4 2 2 2 2 2 1 2 3 3 4 4 1 1 3 2 1 3 3 1 2 4 3 3 4 2 4 3 3 1 3
553
1 2 3 4 1 4 3 3 1 3 4 4 2 4 3 3 3 4 2 3 4 4 1 4 4 3 3 4 1 2 4 3 2 1 1 1 4 3 2 3 1 4 4 4 3 1 3 1 1 4 2 3 3 4 4 1 2 3 1 1 2 2 1 3 3 1 4 3 1 3 3 2 4 4 2 1 2 1 3 1 3 4 1 2 4 1 1 1 3 4 1 3 2 1 2 4 4 4 3 4 3 4 2 1 4 1 3 1 1 4 2 2 1 4 2 3 1 3 3 4 1 3 4 1 1 2 2 3 1 3 3 3 2 1 2 3 3 4 2 2 2 2 1 4 4 4 3 2 4 2 3 3 2 1 1 3 3 2 1 2 2 1 3 1 2 4 4 4 3 1 4 3 3 3 3 3 2 4 1 4 3 2 1 1 4 3 1 1 4 1 4 3 4 4 4 4 4 3 3 1 2 4 4 1 2 3 1 4 4 3 3 4 4 2 4 2 1 4 4 4 4 3 3 2 1 2 2 2 2 3 4 1 2 4 3 3 1 1 3 2 3 2 2 2 2 4 4 3 4 2 1 3 3 4 1 1 2 4 4 3 1 3 2 4 1 3 4 1 3 2 4 1 1 1 1 2 1 2 3 3 4 3 1 2 2 4 3 2 4 2 2 2 1 1 2 3 2 3 4 4 4 2 4 2 4 4 1 1 4 1 2 2 3 1 3 2 3 2 1 1 2 4 1 3 3 3 4 1 1 1 3 3 4 1 1 4 2 3 1 2 1 1 4 4 4 1 4 2 3 3 2 4 3 2 1 2 1 2 3 2 2 1 4 2 3 2 4 3 1 1 2 2 3 1 3 2 3 2 3 3 3 3 2 1 1 3 1 4 1 2 4 2 1 2 3 1 1 3 4 4 4 4 4 4 2 2 3 3 4 2 1 3 1 2 2 3 3 4 2 4 1 3 2 2 2 2 2 1 2 2 3 2 3 2 2 4 3 1 1 4 3 3 2 4 3 4 2 3 4 1 4 2 3 4 2 1 1 3 2 1 2 4 1 1 1 4 1 2 4 4 1 4 4 2 1 1 4 4 1 4 2 2 2 2 2 3 3 4 2 2 2 2 1 1 3 1 4 1 4 3 2 3 2 3 3 3 2 3 3 3 4 2 4 3 4 1 1 2 2 2 1 3 4 2 4 1 1 3 3 3 4 2 1 4 4 1 4 2 3 1 2 1 2 2 2 3 3 3 2 2 2 3 2
638
4 3 1 3 2 2 2 4 4 4 2 1 1 3 4 3 1 3 4 2 4 2 4 4 3 2 4 3 4 3 2 2 3 1 1 4 2 3 1 2 1 3 3 4 3 4 1 1 3 2 1 2 2 1 2 4 3 4 3 1 4 3 3 4 1 3 1 4 3 1 1 3 2 1 2 3 2 4 1 1 3 4 1 4 3 4 1 4 4 4 3 3 1 2 3 1 1 4 3 3 2 4 4 3 1 2 1 2 3 4 2 3 1 4 4 2 3 1 3 3 1 3 4 2 4 4 4 2 4 3 1 1 2 4 3 4 3 4 2 3 1 3 2 3 2 3 2 2 3 3 1 3 3 3 2 2 4 2 4 2 1 1 2 1 1 2 2 4 2 1 3 1 1 1 3 1 2 3 3 1 3 2 4 2 2 3 2 3 2 3 1 4 1 4 1 1 3 1 2 1 2 4 2 3 3 3 3 4 4 3 4 3 2 3 2 1 1 4 2 1 1 3 1 3 3 4 4 3 1 1 1 1 2 2 2 2 2 4 1 1 4 3 3 3 1 1 1 4 4 4 3 3 2 2 3 4 4 3 2 4 3 3 1 1 3 2 3 2 3 4 4 1 4 4 1 2 3 4 3 3 4 2 2 3 1 1 3 3 4 3 3 4 4 2 1 4 1 4 1 3 1 4 2 1 2 1 3 1 1 1 2 2 1 2 1 3 1 4 1 4 2 3 3 2 1 2 4 4 3 1 4 4 1 2 2 4 2 2 3 2 3 3 1 4 2 1 2 4 3 1 1 3 3 4 2 4 1 4 4 3 1 3 4 3 3 1 4 1 1 4 3 1 4 2 3 2 4 2 3 2 2 2 3 3 2 4 4 4 1 3 4 2 4 1 1 2 2 2 4 3 2 2 2 4 1 2 2 4 3 1 2 4 3 2 3 1 4 2 1 3 4 3 4 1 4 4 3 2 2 3 2 3 3 4 3 1 1 4 1 2 2 3 1 3 1 1 1 1 4 3 1 1 3 4 3 4 4 2 2 2 4 3 3 1 1 3 4 2 1 4 4 4 1 2 2 4 1 4 1 3 3 1 1 1 2 3 3 3 1 2 3 4 4 2 1 1 2 2 4 1 4 4 3 1 1 1 4 1 2 2 3 3 4 3 3 1 4 3 3 1 2 4 4 2 1 1 1 2 2 1 3 3 3 2 2 3 2 1 3 3 2 4 4 4 4 1 4 3 2 1 4 3 4 1 2 2 4 3 4 2 4 4 1 3 1 1 1 4 3 4 3 1 2 4 2 4 3 4 1 4 3 4 4 1 3 4 2 2 4 4 4 3 1 4 2 3 3 1 4 1 1 1 4 1 4 4 2 1 4 3 4 4 4 4 4 3 2 1 2 3 2 1 2 2 1 4 2 1 1 3 4 1 3 1 2 1 4 4
793
4 4 2 3 3 4 1 4 1 2 1 4 4 2 1 3 3 3 1 1 2 2 2 3 2 2 2 1 2 1 2 2 4 2 2 1 4 4 4 1 2 2 3 3 3 3 4 2 1 3 2 3 2 3 3 2 2 2 3 1 4 4 4 4 3 3 2 1 1 4 4 1 3 3 3 2 2 2 3 2 2 3 3 4 1 3 4 2 2 2 1 3 2 1 2 1 3 3 2 1 4 3 1 2 4 4 2 3 2 2 1 1 4 4 4 1 2 3 3 1 2 2 2 1 2 3 2 4 2 1 2 4 2 1 4 2 1 2 2 1 3 4 2 2 4 4 2 4 3 2 4 1 2 3 1 4 2 2 2 1 2 1 3 2 3 3 4 3 2 4 2 4 1 3 3 1 2 3 4 2 2 1 1 4 2 1 2 1 3 3 1 3 3 4 4 3 2 1 1 3 2 3 3 4 3 4 3 2 2 1 2 4 4 4 4 4 1 3 2 2 1 2 4 4 3 2 2 3 1 2 4 4 3 3 3 1 3 2 2 1 3 1 1 4 1 2 4 4 4 2 4 1 4 2 2 3 4 2 4 2 2 3 3 1 3 3 1 3 3 2 4 2 3 3 4 4 4 4 2 4 3 2 4 1 4 4 3 1 4 1 2 4 2 4 1 2 3 4 2 2 4 4 2 1 4 4 3 3 3 1 1 4 2 2 3 1 4 3 3 4 1 2 4 1 1 4 3 3 2 1 4 3 2 3 3 2 3 4 3 1 4 2 1 4 1 2 4 3 1 4 3 1 3 2 3 2 2 3 3 4 2 3 1 4 4 4 4 1 4 2 3 1 4 2 2 4 3 3 3 2 3 3 2 4 4 1 2 1 3 2 4 1 1 1 1 2 4 2 3 3 2 3 3 1 3 2 1 4 2 1 4 2 2 3 4 2 3 2 1 3 2 1 3 2 1 4 2 2 4 2 2 2 3 2 3 4 1 1 1 4 4 3 4 3 2 4 2 1 3 1 1 1 4 3 2 3 4 3 2 2 1 3 1 3 1 4 4 2 1 4 3 4 2 2 2 1 2 3 3 2 1 3 1 1 1 1 4 4 2 3 1 4 3 2 2 3 1 1 1 3 1 3 2 4 3 1 3 4 3 4 3 2 1 4 1 1 1 2 2 1 1 4 1 2 1 3 3 4 3 4 3 3 3 1 2 1 1 1 2 4 2 2 3 4 3 3 2 4 3 3 2 3 3 1 4 2 1 1 4 4 2 1 4 3 4 3 3 1 2 2 3 1 4 2 2 3 2 1 3 1 1 4 3 4 2 3 2 3 1 4 3 2 4 1 3 1 3 4 2 1 3 3 2 3 4 4 4 1 4 2 4 2 1 4 1 2 4 1 1 4 2 1 2 2 3 4 1 2 2 1 2 2 4 4 4 3 1 3 2 1 3 1 2 2 4 4 1 3 2 4 3 3 4 4 4 3 4 1 4 3 3 1 3 3 1 2 4 3 2 3 3 2 4 2 4 1 1 3 2 1 3 4 3 3 3 1 2 3 3 1 3 2 3 1 2 3 2 1 2 1 4 1 3 2 3 2 2 3 2 1 4 2 1 4 2 4 2 2 3 1 4 3 2 4 2 1 2 4 2 4 3 3 3 1 2 4 3 1 4 4 1 4 4 4 2 4 3 2 3 2 3 1 2 4 2 2 4 4 3 1 2 4 2 3 3 2 1 4 2 2 3 4 4 2 4 2 3 1 2 1 4 3 2 3 2 4 2 3 1 2 1 1 2
893
3 3 3 1 3 2 2 2 2 3 1 3 3 4 4 3 3 2 2 1 1 3 1 2 2 2 4 1 1 2 2 2 3 1 1 1 1 3 4 4 2 1 1 4 2 2 1 1 3 3 1 2 3 1 1 3 2 1 3 2 2 3 2 3 1 4 3 3 2 1 4 1 1 3 3 1 3 4 2 4 1 1 4 3 1 2 2 2 3 3 4 4 1 4 1 1 1 4 2 3 2 1 1 1 1 3 1 1 1 2 2 3 1 4 1 2 1 4 2 4 1 4 3 1 1 1 1 4 3 1 2 4 1 3 1 3 2 2 1 4 1 4 2 3 4 1 2 3 2 4 3 4 2 4 2 1 2 2 4 3 4 3 2 2 4 4 2 4 2 1 4 4 1 2 2 4 1 2 4 2 1 3 3 3 4 3 4 1 4 4 3 3 3 2 4 2 2 2 1 3 3 2 2 2 3 4 2 1 4 1 3 2 4 3 4 4 2 1 4 1 4 1 1 3 1 2 2 4 3 3 2 4 1 3 3 1 3 3 2 3 2 1 3 3 2 2 2 4 1 2 3 4 1 2 4 4 1 3 1 3 4 1 1 1 2 3 2 3 4 1 1 1 2 1 3 2 3 2 3 3 3 2 1 3 3 4 2 2 3 1 1 4 4 2 2 4 4 1 4 4 2 3 4 3 4 3 4 3 3 1 1 4 2 1 2 1 3 1 4 4 3 4 2 3 3 1 4 1 3 3 2 1 1 2 3 3 1 2 2 1 3 2 2 4 2 4 1 3 4 3 2 2 2 1 3 3 2 2 4 1 1 4 2 2 2 4 2 3 4 2 1 1 3 1 4 2 1 1 4 4 2 4 4 1 3 2 2 4 3 4 2 4 4 4 4 2 4 3 1 3 1 3 1 2 1 2 4 3 1 1 1 1 2 2 2 1 2 4 1 3 1 1 2 1 3 3 2 2 3 2 3 4 4 1 2 1 3 1 1 2 2 1 1 2 3 4 3 1 4 4 1 4 1 4 3 4 3 1 2 1 3 4 2 2 2 4 3 1 4 2 1 4 2 4 4 2 1 1 4 2 4 4 1 2 1 1 3 3 2 2 2 4 1 3 4 4 2 4 1 3 1 1 2 1 3 1 1 1 1 3 1 4 2 2 3 2 4 4 4 3 3 2 4 2 1 2 2 2 1 1 4 3 4 2 1 4 1 2 2 4 2 1 2 2 3 1 1 3 3 2 3 3 3 1 4 4 1 1 3 2 1 3 4 4 4 1 2 1 2 2 1 3 4 3 3 4 2 1 1 2 4 1 4 1 4 4 4 2 3 4 1 2 4 2 4 3 2 2 1 2 4 4 3 2 3 1 3 3 3 1 1 3 1 2 3 1 1 1 3 3 2 3 2 2 2 3 2 3 4 1 2 4 2 2 4 3 4 3 4 3 2 3 1 1 2 1 3 4 2 1 4 4 3 2 4 3 2 4 4 1 1 3 4 2 1 3 3 1 2 1 4 3 4 2 3 4 1 3 1 2 4 1 4 4 4 1 1 4 4 3 3 4 1 2 4 2 4 3 2 2 2 3 4 4 4 2 1 2 4 2 2 2 2 3 3 4 3 4 1 2 4 2 3 1 1 4 2 4 3 2 3 3 2 2 3 1 3 3 1 4 3 4 3 1 4 1 4 3 4 4 2 1 3 3 4 4 4 3 2 1 2 4 3 3 1 4 3 3 4 2 1 1 4 3 3 2 3 2 1 2 2 3 2 4 3 1 1 4 2 1 4 1 2 2 2 2 4 2 2 2 3 1 2 2 1 1 1 2 2 1 4 1 1 3 3 4 3 3 3 1 4 1 3 3 2 2 4 2 1 1 1 1 4 1 3 2 2 1 4 4 1 4 3 3 1 2 3 4 4 3 3 1 1 2 4 3 3 1 1 4 3 3 4 4 4 2 2 3 1 2 1 1 4 2 3 4 3 2 3 1 4 4 2 1 1 2 4 3 3 4 4 3 2
674
3 4 2 1 1 1 4 2 4 1 4 3 3 1 2 1 2 3 2 2 3 4 4 4 4 4 4 1 2 1 3 4 2 1 2 4 1 1 2 4 1 3 4 3 2 2 2 1 2 1 3 1 1 4 3 4 3 1 2 2 3 2 4 3 4 2 1 1 2 3 4 4 4 4 1 2 3 2 3 1 1 3 2 1 3 1 1 2 4 4 3 1 3 3 4 2 2 4 2 2 4 2 1 2 4 3 2 4 3 2 2 4 4 2 3 2 2 4 3 2 2 1 1 4 2 4 4 1 4 3 1 1 3 3 1 2 2 1 3 1 2 2 3 4 3 2 2 4 2 1 4 4 2 1 4 1 3 4 2 4 2 2 3 1 2 1 4 4 2 1 4 1 4 1 4 4 2 2 4 3 3 3 4 4 4 4 2 2 3 4 1 3 4 1 3 1 2 1 3 1 4 4 2 1 1 3 3 4 1 3 4 4 1 2 3 3 4 1 1 2 2 3 2 2 1 1 1 3 3 3 1 3 4 1 4 3 4 1 3 4 3 4 2 1 3 4 2 3 1 1 4 1 4 2 4 1 3 2 1 2 1 2 2 3 1 1 2 4 3 3 1 4 1 2 3 3 2 3 4 1 1 3 4 3 1 1 3 4 4 3 4 2 4 3 3 2 1 4 1 1 4 4 3 4 3 1 2 3 2 3 1 2 2 4 4 4 4 3 3 3 1 1 2 3 3 1 3 2 2 1 4 4 4 1 3 1 1 4 3 4 3 1 2 4 1 4 4 4 3 4 1 2 1 3 1 1 3 4 3 1 1 1 3 3 2 2 1 1 3 4 3 1 1 4 2 1 2 2 4 3 4 2 4 2 2 2 3 4 4 2 1 1 1 3 3 1 4 1 4 1 4 4 1 4 3 1 1 3 1 2 1 1 4 2 4 1 2 2 3 1 2 1 3 4 4 4 3 1 4 1 4 2 1 4 1 4 3 4 4 4 1 1 2 2 2 3 2 4 2 2 1 2 1 1 4 1 4 3 3 1 3 4 1 2 2 2 4 4 3 4 2 3 3 3 3 3 4 2 1 4 2 2 2 4 1 3 1 3 3 1 4 4 1 3 4 3 3 4 1 2 4 2 3 4 3 3 1 2 4 2 1 4 2 3 1 4 1 2 1 4 3 2 1 2 2 1 3 3 4 2 4 1 1 1 4 2 1 2 3 1 4 1 3 3 2 1 2 4 2 4 4 3 4 1 2 3 2 3 1 4 4 1 1 1 4 2 3 3 1 4 1 2 2 3 2 3 1 3 2 1 4 2 3 4 4 3 3 3 4 4 3 1 1 1 1 2 3 1 3 2 2 4 4 3 2 1 2 3 4 2 4 4 3 2 4 3 1 3 1 2 1 1 3 2 1 1 3 4 3 1 1 3 2 2 3 2 2 3 4 2 3 2 4 4 2 4 1 4 1 2 3 4 1 1 4 2 1 1 4 3 4 2 3 3 3 3 2 1 4 4 3 2 2 1
