0 0 2 0 0 1
2 3 4 5 6 6
27 74 85 23 100 99
-97 -19 17 62 30 -76
28 -15 86 32 98 -41
-66 24 8 -29 17 62
75 86 -82 89 -37 -35
-7 63 78 74 -39 -30
-1 0 2 0 0 1
100 100 -100 100 1 -73
0 0 0 1 1 0
-100 -100 100 100 -100 100
29 83 35 35 74 65
28 -15 86 32 -19 43
-28 12 -97 67 -83 -57
-83 40 -80 52 -79 39
30 8 49 13 25 27
49 -7 19 -76 26 3
0 0 1 0 2 1
0 0 1 0 3 1
0 0 1 0 2 2
0 0 1 0 100 1
60 4 90 -53 32 -12
52 -34 -37 -63 23 54
39 22 95 25 42 -33
-10 -11 62 6 -12 -3
99 85 90 87 64 -20
4 -13 4 -49 -24 -13
0 -3 -3 -10 4 -7
-45 -87 -34 -79 -60 -62
22 32 -33 -30 -18 68
-19 0 -89 -54 25 -57
59 86 74 -49 77 88
-50 0 0 50 0 -51
-50 0 0 50 -1 -50
-50 0 0 51 0 -50
-50 0 1 50 0 -50
-49 0 0 50 0 -50