42 68
35 1
70 25
79 59
63 65
6 46
82 28
62 92
96 43
28 37
92 5
3 54
93 83
22 17
19 96
48 27
72 39
70 13
68 100
36 95
4 12
23 34
74 65
42 12
54 69
48 45
63 58
38 60
24 42
30 79
17 36
91 43
89 7
41 43
65 49
47 6
91 30
71 51
7 2
94 49
30 24
85 55
57 41
67 77
32 9
45 40
27 24
38 39
19 83
30 42
34 16
40 59
5 31
78 7
74 87
22 46
25 73
71 30
78 74
98 13
87 91
62 37
56 68
56 75
32 53
51 51
42 25
67 31
8 92
8 38
58 88
54 84
46 10
10 59
22 89
23 47
7 31
14 69
1 92
63 56
11 60
25 38
49 84
96 42
3 51
92 37
75 21
97 22
49 100
69 85
82 35
54 100
19 39
1 89
28 68
29 94
49 84
8 22
11 18
14 15
781 601
898 917
559 739
987 994
753 743
712 987
833 544
960 637
689 945
587 815
963 584
756 985
934 650
932 605
539 757
769 751
550 757
954 603
932 575
501 768
526 631
654 598
943 679
776 843
618 989
670 629
724 515
788 601
810 877
838 877
810 602
797 914
838 935
802 614
501 688
550 920
837 841
565 691
595 505
962 816
826 659
875 770
725 891
993 564
634 765
534 864
560 710
813 871
661 650
670 655
937 767
864 635
883 534
928 516
927 994
585 524
675 746
607 899
747 945
654 504
504 903
827 924
693 649
791 876
730 573
940 750
931 683
578 678
754 630
775 739
805 807
623 513
911 787
829 904
805 701
765 519
599 927
981 636
650 682
615 657
524 910
651 946
520 616
740 887
719 985
602 952
736 608
660 797
966 967
664 991
750 886
923 877
682 618
925 906
796 773
776 823
824 619
810 514
973 741
503 661
